506
236761
107
236764
1018
236772
496
568
108
236779
529
5213
236829
531
563
139
236743
53121
623
532
236778
1109
236775
236787
236768
236771
140
236770
2165
573
236929
10354
528
236812
669
236800
818
625
580
106
144
236786
600
769
236751
236909
578
618
621
7243
659
236789
653
236828
611
138
236769
715
1174
699
822
684
236783
657
808
1030
607
1480
1184
2028
236825
236810
1494
672
642
236744
3511
236793
148
236795
1133
236792
1017
779
609
236745
84750
833
1131
740
236782
6571
1590
236759
236760
3530
45518
614
101
236813
1473
577
3393
2717
236781
236842
1126
1262
735
1239
1298
1061
4077
13179
1082
14384
3847
1816
562
1509
99382
62902
236757
874
855
21739
1637
901
1135
1437
4403
12323
236840
900
1217
125546
236774
1813
2595
66515
236819
5724
6509
8347
840
2021
5282
9533
711
1534
837
1458
1921
236767
626
522
965
22591
919
1699
15168
1005
1607
236780
100
870
236749
236753
236788
3463
8291
8468
18186
7723
2634
8330
1156
1781
3161
236832
768
1651
5559
39937
236766
1345
8369
14628
18710
1024
3763
4681
7728
32050
236746
236747
236820
1883
2094
152
815
886
5862
236806
236809
584
1401
753
784
810
3187
4122
4629
36492
236776
1343
3355
1071
1086
1547
5905
21233
22515
1418
3503
236798
236799
236811
517
872
1161
34711
237028
799
1854
7157
538
691
1638
861
1091
236935
1390
5433
725
2455
1657
564
1202
1708
1913
2074
3958
9430
15612
22202
25252
236865
545
692
877
2180
2195
5330
236797
236855
1523
1626
1806
2473
10824
565
825
1370
2444
13217
990
1440
2479
2721
22413
1546
1951
2148
3921
5909
8726
12498
25890
81824
504
603
1056
1773
3418
3896
3996
6352
11834
40530
902
2289
2859
5333
32677
827
1010
1346
1508
2129
3825
4063
4319
5904
8687
9483
13142
54369
742
856
1063
1171
1623
1679
5402
8688
29179
57484
132182
1373
1516
2307
4728
5325
12566
20974
236884
1144
1714
1873
2214
2282
2958
5140
5349
6910
8797
13315
37868
236756
524
640
854
1186
2918
3061
5700
12655
14004
21417
51534
99161
236784
520
566
910
2827
3275
5387
31044
53350
104091
236823
50
1048
1164
1269
1386
1938
3904
4038
4204
6049
6518
7501
7650
29089
56198
236773
500
645
655
681
1032
1292
2098
2157
2182
2708
2778
3143
4981
7669
10660
12489
16333
236755
667
1903
1908
2109
2228
2760
3165
3797
3914
4251
6639
12627
18833
19656
20442
43986
981
1366
2430
2587
2608
2834
3217
3707
3938
28962
236847
236862
236908
236917
1594
1786
1930
2016
2425
2557
8358
11802
20050
24365
494
559
1456
1677
1680
1844
1852
2847
3050
3729
3736
3761
4323
5065
6749
8583
8922
12362
13884
28507
53255
59395
64997
236763
49
1083
1385
1944
2192
2744
5734
9603
15004
30502
236858
237366
620
646
1251
1548
1581
1689
1694
2372
3103
3643
6178
9340
19171
31035
52025
76381
77670
182377
236796
48
495
518
544
834
964
1374
1599
1759
2203
3026
3336
3350
4133
4420
4806
5659
6060
7087
8792
12262
236750
885
1076
1460
1595
1701
3469
4248
4458
4819
4968
5074
5420
6131
6890
9168
15276
18510
236794
236881
509
795
823
1114
1191
1354
1551
1646
1845
2003
4146
4249
4368
5953
5978
6078
6113
9299
11848
19072
27288
39036
527
555
720
951
1183
1265
1461
1800
2121
2342
2578
3364
3456
3495
3527
4448
4654
6381
6675
10445
10678
11442
13049
13757
15493
17605
23465
47149
57137
236754
236814
498
847
969
1093
1299
1340
1408
1734
1874
2312
2321
2598
2742
2865
2979
3149
3567
3715
3951
5467
5941
6145
6274
7350
8299
10181
11497
12539
15864
18088
35813
62385
92560
97888
102768
236752
236791
633
776
858
974
1208
1929
3043
3121
3328
3719
4547
5671
6161
6775
7234
7659
7850
8487
11355
13215
16720
22606
24905
24968
36520
39961
52277
82839
236758
558
912
1123
1205
1411
1443
1663
1890
2036
2086
2283
2426
2536
2727
2864
3550
3622
3753
3841
4503
4815
4943
5296
5450
5585
6373
6555
6719
6803
6875
8968
10916
13029
13238
15385
19791
20269
27322
28002
64425
112517
503
543
547
619
1003
1586
1604
2002
2050
2222
2263
2574
2678
2690
3225
4313
4883
5577
5663
6654
6655
6796
7718
8800
11661
12316
14860
15166
16787
17354
18222
43999
49396
62840
587
593
954
1502
1527
1662
1788
1904
2124
2543
2640
3453
3466
3487
3637
3731
3738
3967
4022
4592
5022
5088
6425
6759
8205
8633
9190
11402
12251
12881
16383
16694
19945
22360
29756
54198
118418
236940
507
630
973
993
1027
1138
1223
1601
2100
2104
2205
2514
3004
3553
3627
3742
4532
4565
5158
5441
7474
7710
7918
8575
8960
8974
10434
10630
11130
11319
12502
13833
15323
16187
18557
20624
26951
36468
36852
47223
48578
49321
58972
64255
86072
154864
540
643
698
721
997
1392
1447
1537
1606
1724
1751
2014
2088
2344
2495
2507
2653
3041
3494
3718
3861
4172
4671
4735
5743
6350
7179
7296
7843
7921
8370
9245
9439
10616
10861
11295
12123
12205
13510
13513
14485
15669
15858
16775
16783
17096
21942
24576
27857
36957
47133
48593
75007
129487
236777
236824
236888
497
535
536
622
639
682
859
992
1256
1550
1676
1804
2060
2101
2330
2337
2456
2558
2631
3213
3255
3291
3606
3723
3866
4060
4083
4338
5192
5690
6330
6360
6672
7216
7627
7913
8344
9282
11172
12093
13653
15605
17263
18270
18441
18886
18922
19639
21706
26379
26808
29428
55822
66831
67969
69553
71293
105527
107018
140930
208253
513
560
665
751
774
975
1134
1420
1477
1894
1984
2064
2311
2352
2374
2819
2861
3016
3158
3590
3629
3671
3801
3997
4260
4868
4954
5205
5596
5633
5646
5715
6237
6471
6868
7623
8143
8409
9935
11020
11243
12461
12496
13739
14525
14736
15316
17240
17574
21965
32663
42195
52236
92474
156802
212922
236765
236836
511
525
736
782
828
838
1531
1587
1811
2066
2264
2301
2401
2490
2586
2601
2820
3752
3874
4209
4453
4615
4781
4874
5062
5181
5396
5754
6268
6541
6829
7140
7674
8744
9414
9427
9855
10081
10241
10633
11082
12751
13471
13842
15059
15195
15340
16737
17234
18139
18179
22736
23130
24211
25772
26856
27864
30121
31836
31846
32061
33036
34428
38905
42065
51054
62632
63288
88763
103157
108176
123477
150440
203927
502
515
519
549
569
570
624
637
756
897
1163
1194
1276
1288
1293
1387
1415
1660
1987
2433
2462
2644
2780
2802
2866
3153
3246
3282
3546
3582
3618
3638
3711
3768
3843
3910
4065
4127
4474
4521
4568
4688
4710
5052
5099
5103
5127
5238
5268
5335
5411
5612
5886
5944
6035
6112
6436
6492
6678
7100
7266
7274
7291
7313
7609
7689
7737
7945
8009
8859
9825
10471
10634
11345
11707
11808
13718
13818
14150
15005
15570
15638
16769
17746
17752
19707
23358
23906
26432
26943
27390
28062
31097
33828
34256
42478
43081
43258
56972
71107
75420
103057
149681
548
590
716
878
976
994
1021
1149
1289
1388
1398
1455
1492
1603
1619
1855
2084
2212
2246
2440
2619
2633
2782
2882
3075
3107
3202
3241
3342
3361
3402
3426
3771
3796
3885
3890
3991
4044
4116
4192
4241
4253
4820
4850
4861
4888
5415
6097
6137
6310
6498
6778
6867
7090
7107
7351
7368
7606
8858
9179
9286
9551
9831
10167
10795
11362
11649
11949
12774
13254
14533
15331
16412
16763
16977
17648
17718
18060
18844
19993
20752
20756
20852
22267
23420
25568
25843
26054
26968
28399
31385
32936
41099
42301
47910
57315
60220
77891
78200
87905
94028
94435
103416
105784
216613
231017
236880
236964
605
1564
1749
1763
1765
1769
1966
1977
1982
2132
2174
2269
2292
2324
2335
2404
2551
2668
2793
2807
2928
3112
3323
3398
3449
3677
3959
4218
4256
4266
4430
4512
4890
5028
5280
5285
5354
5370
5464
5783
5830
5872
6190
6354
6366
6596
6907
6953
7395
7462
7559
7768
8637
8818
8827
9113
9258
9798
10352
10809
10828
11001
11252
11302
11825
11974
12308
13321
14347
14456
15218
15396
15633
16215
16602
16683
18371
18998
19904
20881
21439
21777
22313
23077
23442
29403
29722
30365
31300
32618
32761
33556
33652
40442
41973
42155
42674
67831
86313
88477
89959
104589
110081
115230
115888
119542
122765
126209
145300
147121
178739
193648
236762
505
510
534
567
598
602
613
675
712
811
884
893
1000
1201
1463
1496
1518
1618
1722
1757
1895
1899
1967
2343
2754
2768
2812
2822
2897
2980
3048
3136
3182
3199
3298
3464
3800
3927
4040
4144
4185
4301
4360
4400
4595
4716
4762
4771
4885
4903
4926
5057
5098
5111
5228
5267
5483
5721
6265
6338
6458
6641
6799
7121
7211
7217
7444
7600
8427
8813
8881
9043
9553
9567
9731
9873
9920
10134
10385
10512
10907
10957
11195
11273
11463
11550
11644
12032
12040
12092
12203
12229
12234
12284
12464
12804
13324
13627
14777
14946
15233
16070
16712
16807
17043
17977
18481
18567
19323
19455
19511
20303
21108
21132
21982
22980
23093
25010
25093
25228
25348
26446
27634
27915
28436
29164
29337
30141
37223
38730
40121
50698
50914
52717
53575
54557
54744
62606
64253
65448
68378
69473
72554
84953
100568
106430
126112
132066
143542
151202
199058
215369
207
533
546
644
649
680
766
1023
1043
1090
1179
1257
1451
1684
1712
1900
1933
1996
1999
2080
2143
2145
2172
2201
2217
2238
2351
2454
2483
2542
2591
2779
2857
2872
2907
2998
3117
3243
3269
3305
3360
3425
3490
3548
3732
3739
3788
3863
3947
4006
4078
4113
4187
4196
4383
4398
4446
4610
4721
4795
4796
4886
4912
4970
5001
5710
5745
6029
6230
6294
6347
6658
6751
6842
6915
6927
6985
7129
7545
7578
7628
8134
8290
8395
8407
8499
8514
8540
8721
8729
8781
8948
9009
9181
9250
9338
9454
9529
9607
9740
9866
9911
9960
10139
10263
10282
10739
11441
11480
11725
11863
12732
13205
13376
13592
13863
14272
14889
14938
15335
15462
15468
15544
15649
16110
16433
16733
16812
18224
18276
18359
18761
19079
19609
20074
21910
22160
22426
22429
22926
24084
24355
25864
25869
26286
26834
27364
28824
29340
30235
30341
30726
31878
31983
32136
33744
33895
36371
37019
37615
38038
40095
41959
47300
50772
51880
53228
53493
60865
61554
62462
64340
64972
65284
66582
78885
83532
86050
91334
107055
107732
110506
114047
123281
131022
138229
146578
157036
210423
219220
230431
508
552
693
801
809
817
831
841
850
1070
1101
1168
1229
1302
1314
1363
1407
1591
1791
1805
1887
1927
1932
2160
2164
2256
2299
2390
2427
2487
2500
2552
2566
2694
2752
2881
2886
2900
3008
3245
3292
3499
3507
3541
3572
3600
3635
3730
3759
3826
3845
3853
4140
4180
4206
4454
4502
4606
4661
4719
4849
4940
4991
5117
5132
5221
5385
5471
5510
5588
5683
5716
5774
5809
5813
5985
6005
6077
6317
6562
6684
6858
6895
6962
7002
7102
7178
7212
7235
7303
7412
7445
7620
7685
7732
7741
7751
7847
8091
8233
8323
8645
8719
8739
8784
9028
9130
9139
9173
9395
9463
9622
9690
9918
9939
10166
10318
10456
10542
10625
10728
10996
11096
11250
11269
11554
11716
11747
12027
12167
12364
12392
12434
12551
12703
12730
13000
13214
13883
14260
14820
14900
14929
14988
15297
15453
15740
15779
16505
16887
17115
17269
17366
17650
18362
19112
19461
19896
20073
20124
20976
21255
21877
22112
22616
22747
23157
23378
23497
23587
24403
24449
24519
24671
25085
25480
25725
25774
26172
26272
26314
27104
27629
28472
28707
29193
29535
31139
32236
33358
35699
37030
37031
39316
39559
42482
44623
44904
47875
50650
53970
54238
55205
58450
59740
60432
61343
61808
65794
68428
69262
69534
72471
77387
79105
80293
80394
82442
85858
92875
93989
99634
100907
102676
102735
105040
111359
112168
114999
127532
127876
131846
155192
162560
171879
221048
221214
236785
610
627
663
749
765
887
958
984
991
1072
1159
1258
1308
1356
1526
1702
1719
1774
1807
1942
1972
2171
2177
2305
2326
2411
2432
2478
2541
2651
2675
2697
2876
2956
2977
3072
3092
3131
3196
3204
3278
3303
3549
3574
3577
3624
3670
3689
3710
3735
3949
4223
4314
4354
4375
4396
4605
4709
4782
4784
4889
5034
5151
5203
5206
5265
5284
5442
5532
5536
5571
5583
5699
5742
5825
5829
5889
6114
6157
6212
6219
6383
6478
6576
6585
6800
6950
7280
7283
7310
7410
7413
7488
7562
7632
7714
7797
7798
7803
7808
7835
7937
7948
8123
8150
8289
8296
8417
8554
8585
8970
9095
9108
9199
9264
9313
9688
9800
9890
9896
10040
10050
10055
10212
10390
10522
10847
10867
10896
11032
11180
11299
11449
11459
11646
11724
11786
12367
12532
12567
12939
12977
13186
13271
13317
13380
13601
13603
13679
13769
13889
13981
14019
14980
15033
15098
15106
15242
15298
15724
16080
16217
16349
16417
16586
16688
16784
17149
17160
17222
17300
17390
17690
17934
17982
18039
18428
18756
18899
19137
19521
20045
20129
20133
20235
20511
20805
20838
21064
21153
21183
21234
22051
22141
22454
22798
22953
23037
23198
23227
23257
23897
24093
24177
24976
25883
25938
26002
26182
26310
26623
27388
27525
27562
27743
28092
28250
29067
29436
30708
31363
32107
32377
32542
33663
34352
34438
34659
34818
35265
36326
36865
36878
36993
37163
40137
40262
41209
42187
42352
43279
43645
45944
46425
49087
49326
51474
51958
53022
54513
58477
58680
61077
62478
66737
67655
67843
70687
72174
74967
75777
77788
77921
83342
90104
90987
94986
96205
96814
97570
101853
101921
105702
106537
112501
113188
117845
120438
125466
131828
133066
139532
141593
145435
149715
150294
156940
165996
170271
171917
180479
181188
183660
198824
200598
236804
142
156
585
586
708
730
746
780
845
851
866
894
1008
1078
1080
1169
1254
1263
1275
1280
1296
1307
1331
1406
1425
1479
1624
1652
1799
1834
1846
1859
1884
2139
2154
2173
2255
2258
2328
2354
2371
2480
2482
2517
2561
2568
2593
2597
2638
2643
2689
2707
2787
2917
2939
2970
2978
3056
3104
3141
3250
3283
3321
3363
3413
3465
3603
3656
3834
3943
3955
4012
4024
4068
4071
4106
4153
4275
4341
4361
4402
4424
4463
4515
4576
4674
4691
4722
4740
4744
4773
4865
4957
4973
5058
5059
5121
5149
5173
5315
5368
5453
5455
5524
5542
5705
5756
5776
5827
5939
5959
6013
6054
6061
6102
6182
6224
6250
6280
6284
6299
6412
6439
6485
6530
6573
6581
6630
6648
6721
6818
7016
7075
7117
7166
7237
7257
7263
7321
7405
7607
7613
7616
7666
7703
7860
7868
8052
8110
8214
8242
8355
8433
8476
8534
8567
8601
8610
8628
8651
8798
9004
9082
9097
9206
9341
9363
9495
9600
9703
9792
9883
9948
10065
10176
10231
10340
10401
10428
10474
10534
10603
10860
10981
11117
11139
11141
11242
11298
11363
11665
11688
11713
11813
11906
11918
12059
12096
12279
12309
12329
12553
12747
12808
12809
12989
13064
13275
13288
13336
13363
13571
13582
13610
13631
13768
13973
14139
14170
14491
14686
14722
14741
14787
14855
14955
14958
15040
15370
15435
15443
15523
15543
15959
16023
16064
16239
16255
16496
16647
16731
17253
17507
17868
17927
18188
18256
18330
18661
18738
18997
19120
19180
19246
19326
19544
19621
19874
19877
20148
20150
20154
20226
20340
20524
20836
20885
21072
21105
21238
21424
22293
22680
23003
23248
23367
23454
23469
23590
23717
23902
24259
24637
24700
24825
24960
25380
25584
25611
25716
25870
25903
26407
26870
26935
26978
28231
28381
29106
29262
29426
29645
29837
30182
30449
30998
31158
32213
32973
33170
33186
34108
34467
34516
34561
35163
35275
36114
37608
37657
38357
39300
39332
40323
41080
41778
41825
41833
42062
42636
43618
44030
44362
45898
46535
47480
47949
49308
50697
51836
52202
52725
52776
53242
53326
53595
53767
53892
54686
55748
56756
56918
57583
61123
62571
64663
66729
67397
69038
69082
70895
72061
76637
76790
78640
78822
78875
78890
79463
80497
80510
81934
83563
85737
90510
92079
94606
96305
102489
104704
106703
107405
110073
110254
117459
117947
118537
119245
125953
127517
134632
137481
137493
139314
141023
150131
150537
153269
158718
160295
161414
166977
167043
202816
205944
208889
210740
232011
141
514
553
695
767
770
775
804
835
914
939
961
1053
1074
1094
1170
1255
1281
1294
1352
1375
1391
1416
1476
1505
1520
1535
1569
1571
1580
1682
1698
1717
1822
1847
1861
1868
1941
1952
2011
2063
2092
2147
2196
2204
2240
2261
2353
2364
2460
2471
2497
2677
2805
2831
2846
2913
2949
2953
2963
3091
3097
3195
3223
3287
3406
3433
3435
3439
3540
3649
3662
3746
3755
3762
3774
3784
3892
3919
3956
3980
4002
4008
4011
4041
4110
4128
4186
4287
4326
4348
4407
4445
4459
4464
4508
4652
4657
4664
4764
4870
4928
4949
5012
5113
5139
5143
5225
5252
5271
5281
5346
5440
5482
5495
5507
5590
5603
5661
5702
5708
5843
5853
6084
6208
6217
6374
6440
6449
6549
6567
6784
6794
6974
6984
7028
7080
7084
7109
7253
7298
7319
7419
7508
7516
7566
7592
7671
7715
7719
7828
7936
8080
8097
8180
8208
8314
8321
8341
8385
8403
8438
8494
8537
8632
8722
8724
8891
8905
8912
8990
9150
9207
9255
9485
9496
9711
9793
9834
9857
9875
9885
9900
9958
10027
10202
10206
10253
10338
10448
10518
10594
10654
10936
11047
11069
11105
11245
11325
11374
11462
11734
11830
11893
11936
12090
12214
12247
12713
12765
12773
12828
13018
13448
13455
13469
13668
13856
13916
14254
14415
14581
14611
14691
14696
14845
14935
14947
14989
15092
15103
15232
15241
15249
15292
15332
15412
15560
15579
15737
15808
15898
15905
15920
15962
15995
16071
16074
16154
16175
16182
16204
16273
16529
16575
16813
16828
17194
17221
17230
17243
17295
17324
17423
17477
17481
17503
17538
17630
17661
17707
17734
18016
18407
18932
19057
19165
19179
19276
19401
19412
19448
19482
19541
19592
19636
19649
20170
20284
20387
20635
20638
20879
20945
21016
21222
21314
21338
21459
21500
21558
21579
21638
21648
21705
22072
22224
22435
22656
22743
22988
23076
23170
23535
23669
23704
23892
23924
23949
24452
24482
24565
24802
24874
24943
25282
25411
25780
26203
26354
26579
26588
26719
26876
27520
27592
27617
27621
27750
27773
28402
28536
28561
28611
28671
28699
28773
28789
29302
29590
29892
29893
29972
30237
30297
30839
31234
31880
31937
32115
32177
32237
32651
32839
33513
33548
33698
34016
34115
34949
35267
35594
35634
35809
35879
35886
36325
36344
36425
36630
36643
36876
36887
37073
37974
38464
38556
38649
38738
39385
39486
39760
39888
40309
40574
41317
42201
42452
42841
43140
43507
43762
45287
46089
46235
47304
47708
47896
47939
48429
48573
48745
49294
49405
50327
50916
51995
52335
52523
53357
53377
54133
54367
54554
54565
55975
56293
56489
56758
56856
57960
58448
59638
60039
60359
61232
61569
62417
62873
63449
64238
66210
66251
66471
66486
67371
68105
68376
68558
68745
71330
72284
72740
72769
76557
76881
77926
79635
81209
84967
86603
87121
87228
88293
91798
96928
98188
102487
104351
106580
110344
111038
113017
115239
120060
125627
127081
130666
132617
133499
134811
141200
143746
144492
145163
145843
145971
150521
158740
162459
162935
163850
166062
166351
175354
177443
184202
191979
194618
195561
195802
204696
213476
218305
219045
225266
230058
236157
521
561
594
597
606
688
705
722
723
773
781
842
864
865
949
1089
1148
1166
1190
1192
1237
1244
1277
1282
1335
1353
1364
1389
1399
1465
1489
1500
1519
1528
1574
1695
1707
1718
1721
1738
1756
1768
1780
1783
2039
2056
2068
2135
2138
2149
2179
2267
2268
2325
2378
2383
2457
2509
2523
2540
2544
2604
2630
2683
2763
2843
2844
2849
2887
2921
2930
2952
2981
3014
3028
3038
3124
3171
3209
3262
3265
3334
3345
3354
3387
3399
3423
3496
3497
3538
3620
3626
3645
3697
3750
3790
3869
3901
3906
3909
3946
3952
3988
3993
4020
4033
4070
4087
4184
4191
4308
4342
4447
4611
4907
4921
4934
4959
4961
4977
5032
5039
5089
5094
5125
5227
5261
5312
5357
5378
5383
5384
5393
5405
5416
5427
5439
5456
5469
5490
5505
5521
5548
5610
5644
5676
5712
5924
5957
6095
6133
6216
6261
6340
6356
6375
6457
6484
6590
6605
6606
6608
6613
6623
6717
6725
6757
6811
6850
6921
6980
6983
7005
7014
7041
7046
7057
7066
7068
7081
7118
7221
7225
7226
7284
7338
7377
7399
7483
7493
7499
7535
7572
7618
7712
7738
7750
7757
7795
7853
7866
7879
7996
8017
8028
8231
8274
8398
8410
8411
8424
8471
8495
8506
8600
8683
8689
8701
8770
8777
8847
8862
8913
8916
8932
8985
9008
9023
9025
9057
9069
9093
9265
9272
9279
9309
9310
9314
9512
9542
9576
9657
9697
9705
9743
9783
9815
9824
9862
9914
9963
10024
10077
10085
10092
10128
10204
10205
10252
10321
10382
10479
10483
10681
10734
10741
10750
10769
10797
10835
10884
10895
10911
11044
11059
11068
11072
11089
11162
11167
11202
11205
11207
11233
11249
11264
11272
11287
11387
11409
11519
11531
11628
11652
11679
11905
12062
12136
12154
12207
12402
12483
12579
12693
12740
12806
12853
12871
12969
13111
13140
13198
13199
13207
13267
13272
13323
13401
13403
13474
13526
13552
13587
13719
13720
13832
13854
14168
14253
14273
14416
14616
14846
14906
14968
15028
15104
15282
15419
15440
15512
15595
15642
15683
15948
15955
15965
16266
16317
16374
16492
16596
16614
16625
16661
16852
16901
16959
16970
17224
17238
17887
18046
18070
18196
18271
18324
18365
18439
18505
18531
18670
18753
19032
19205
19222
19227
19301
19331
19360
19505
19839
19920
20038
20256
20446
20723
20811
20890
20934
21175
21309
21519
21566
21643
21649
21713
21723
21727
21949
22014
22223
22290
22297
22330
22414
22441
22526
22536
22615
22694
22697
22793
22894
22899
23046
23200
23326
23491
23611
23695
23757
23809
24118
24142
24240
24261
24391
24469
24744
24786
24835
24990
25017
25027
25373
25521
25677
25735
25971
26210
26333
26430
26469
26514
26584
26661
26847
26912
26959
28040
28237
28307
28364
28431
28476
28606
28612
28619
28855
29138
29176
29446
30122
30493
30591
30636
30692
30705
30731
30794
30846
31030
31085
31145
31164
31213
31359
31652
31861
31871
32069
32366
32407
32461
32646
32675
32680
33050
33132
33142
33786
33909
34085
34149
34190
34199
34356
34474
34871
34982
34986
35440
35447
35653
35719
35990
36041
36225
36345
36353
36369
36526
36662
36733
36767
37115
37408
37521
37568
37598
38168
38333
38430
38822
39160
39244
39247
39252
39460
39564
39604
39633
39799
40170
40181
40279
40591
40620
40725
40826
41111
41123
41276
41444
42085
42086
42182
42298
42337
42802
42958
42971
43355
43873
44606
44630
44975
45273
45796
46400
46599
46714
47424
47764
48412
49549
49598
49751
50171
50422
50522
50537
51581
51714
51942
52447
52768
53338
53528
54040
54266
54353
54358
54809
55084
55163
55444
55549
56675
56986
57939
58089
58228
58556
58591
59654
59950
60176
60527
60548
60581
61198
61220
61807
61836
62382
62895
63072
63381
64004
65105
67234
67339
67829
68034
68897
69281
69759
70886
71209
71499
71524
72375
72655
73388
73962
74305
74850
75118
75858
76423
76503
77854
78019
78333
78498
78708
79550
80563
80636
80864
81014
82215
82879
83687
86047
86248
86286
86562
89051
89782
90329
90420
91084
93460
94445
94873
95387
97895
98230
98269
98425
98879
102372
102637
102924
103589
103844
104054
104254
105745
106284
107876
109629
110488
111457
112239
112242
112994
113981
114475
118658
127669
128758
129913
132474
132674
137996
138163
138815
138901
140387
142090
142238
145636
146430
147001
147291
147376
148084
148305
150729
151359
151986
154550
155962
156318
157934
159794
167161
169918
170826
171067
171194
171451
171455
173459
174547
175110
176590
178899
181473
191401
192174
193644
195344
196439
198504
204346
205053
205722
211438
212169
214936
215302
222935
233326
234769
236995
240732
501
516
526
537
575
576
582
583
612
616
617
638
652
661
668
714
733
762
786
787
791
802
898
908
1015
1016
1042
1045
1051
1105
1111
1118
1136
1140
1178
1236
1264
1286
1368
1404
1419
1439
1457
1478
1493
1540
1565
1589
1643
1670
1683
1745
1782
1801
1830
1865
1867
1902
1909
1998
2005
2020
2072
2085
2087
2108
2202
2235
2253
2260
2266
2294
2297
2338
2350
2393
2394
2416
2434
2448
2451
2501
2519
2555
2583
2613
2617
2649
2661
2662
2711
2731
2788
2791
2854
2870
2883
2926
2934
2948
2974
2996
3018
3019
3051
3063
3068
3120
3135
3189
3198
3205
3218
3325
3357
3359
3366
3397
3432
3472
3473
3484
3485
3493
3516
3579
3651
3658
3678
3695
3701
3725
3727
3756
3798
3823
3831
3849
3852
3859
3877
3883
3898
3917
3957
3970
4076
4100
4102
4108
4131
4135
4152
4182
4199
4210
4217
4258
4290
4299
4406
4470
4471
4481
4490
4491
4540
4557
4563
4583
4643
4682
4713
4720
4745
4749
4792
4803
4813
4855
4875
4876
4920
4923
4945
5017
5044
5093
5122
5131
5135
5141
5142
5180
5194
5215
5226
5249
5262
5273
5313
5347
5418
5428
5445
5498
5535
5540
5561
5566
5576
5587
5602
5618
5622
5628
5641
5686
5739
5777
5780
5803
5841
5851
5884
5890
5899
5906
5908
5911
5929
5933
5950
6063
6076
6081
6154
6160
6174
6185
6211
6220
6236
6253
6262
6269
6312
6329
6367
6459
6475
6494
6516
6517
6524
6531
6568
6582
6611
6651
6666
6667
6697
6745
6762
6845
6848
6899
6940
6966
6990
6995
7065
7070
7132
7146
7162
7163
7200
7231
7232
7240
7275
7286
7315
7365
7382
7391
7426
7438
7441
7489
7509
7510
7513
7519
7539
7546
7619
7675
7686
7875
7902
7906
7910
7924
7949
7993
8038
8065
8099
8101
8215
8230
8236
8254
8270
8318
8322
8345
8357
8428
8465
8482
8512
8535
8544
8556
8565
8589
8646
8652
8720
8782
8823
8844
8890
8999
9017
9038
9050
9127
9161
9171
9228
9254
9311
9336
9346
9385
9390
9413
9462
9470
9501
9504
9560
9562
9595
9617
9619
9661
9715
9779
9796
9886
9892
9944
9945
9949
9980
10089
10150
10201
10240
10270
10298
10336
10356
10396
10418
10438
10508
10541
10602
10639
10640
10694
10730
10742
10781
10799
10800
10814
10820
10825
10851
10852
10855
10864
10913
10929
10945
10952
11008
11104
11152
11184
11247
11263
11306
11318
11332
11356
11371
11379
11411
11425
11448
11572
11584
11609
11618
11639
11657
11694
11711
11739
11749
11803
11844
11910
11930
11995
12016
12038
12129
12130
12155
12209
12263
12266
12267
12270
12324
12356
12357
12458
12466
12471
12505
12512
12529
12612
12625
12630
12668
12672
12692
12763
12801
12861
12862
12888
13009
13035
13065
13068
13074
13157
13176
13237
13258
13304
13333
13375
13393
13445
13451
13606
13611
13612
13637
13705
13707
13752
13758
13799
13805
13822
13862
13952
14000
14020
14042
14063
14102
14105
14120
14161
14176
14208
14245
14317
14447
14450
14453
14500
14503
14526
14529
14543
14558
14608
14658
14701
14709
14713
14728
14733
14796
14810
14922
15021
15029
15074
15080
15110
15127
15139
15174
15207
15246
15313
15404
15428
15509
15517
15538
15559
15569
15632
15635
15656
15706
15819
15830
15834
15897
16124
16151
16227
16228
16305
16329
16358
16405
16439
16454
16502
16545
16559
16587
16603
16679
16710
16716
16788
16795
16811
16907
16932
16979
17046
17047
17154
17167
17312
17348
17495
17499
17539
17561
17570
17700
17726
17755
17856
17865
17900
17911
17936
17983
18030
18035
18068
18074
18220
18318
18461
18487
18532
18558
18782
18807
18855
18865
18905
18911
18944
18988
18999
19005
19015
19049
19080
19170
19372
19549
19578
19635
19655
19679
19788
19804
19830
19908
19997
20008
20028
20115
20321
20360
20373
20395
20433
20504
20523
20550
20579
20619
20647
20746
20795
20825
20845
20954
20958
21034
21055
21096
21136
21160
21245
21334
21403
21496
21864
21885
22044
22047
22053
22113
22258
22373
22458
22503
22625
22768
22934
23073
23191
23288
23415
23475
23485
23521
23673
23718
23766
23770
23771
23988
23993
24060
24121
24137
24250
24282
24333
24335
24412
24421
24435
24640
24688
25098
25115
25232
25289
25309
25333
25465
25591
25834
25847
25931
26005
26010
26020
26106
26162
26267
26527
26581
26626
26638
26666
26813
26890
26917
26946
26949
27077
27180
27349
27475
27480
27521
27552
27590
27594
27612
27732
27928
27938
27980
28150
28155
28174
28229
28282
28350
28374
28405
28463
28501
28546
28554
28566
28714
28755
28830
29081
29141
29184
29298
29368
29459
29472
29513
29633
29820
29963
30016
30091
30388
30539
30554
30568
30611
30690
30746
30822
30927
31037
31060
31078
31093
31135
31150
31236
31314
31342
31373
31632
31650
31814
31921
31954
32114
32169
32180
32489
32581
32596
32873
32955
33004
33005
33093
33351
33437
33582
33832
33835
33844
34167
34211
34297
34635
34888
34917
35129
35211
35559
35680
35734
35848
35917
36240
36284
36477
36522
36593
36623
36628
36764
36819
37081
37088
37226
37231
37327
37504
37588
37724
37827
37845
37967
38036
38073
38109
38161
38179
38180
38216
38356
38408
38530
38610
38706
38893
38974
39202
39217
39285
39353
39403
39447
39728
39794
39877
39964
40092
40390
40424
40827
40901
41193
41213
41468
41489
41536
41549
41831
42554
42800
42985
43313
43335
43468
43687
43703
43763
44113
44170
44185
44187
44505
44526
44928
44986
45147
45190
45493
45891
45925
46002
46048
46218
46302
46420
47128
47374
47491
47616
47722
47746
47770
47785
47937
48068
48299
48447
48670
48835
48868
49045
49082
49101
49145
49170
49276
49529
49822
49832
50144
50384
50432
50611
50901
51062
51128
51139
51257
51505
51511
51613
51692
51749
51919
51935
51994
52115
52210
52306
52322
52404
52417
52628
52852
53131
53335
53400
53552
53699
53889
53925
54068
54405
54453
54534
54550
55191
55366
55658
55673
55733
55857
56297
56359
56435
56900
57180
57259
57569
58071
58895
59025
59034
59162
59461
59660
59698
59736
59928
60056
60423
60906
61242
61827
61949
62115
62227
62454
62577
62668
62695
62847
63240
63311
63695
63702
64241
64608
64744
64745
64980
65383
65931
66712
67478
67573
67901
68981
69104
69198
69280
69458
69489
70149
70731
70797
70899
71178
71212
71275
71926
72152
72320
72533
73093
73919
74279
74343
74361
74855
75063
75642
75663
75669
75716
75720
75738
76374
76509
76865
76886
77340
77687
79101
79428
79597
80062
80224
80747
81047
81226
81286
81909
82162
82502
82678
83122
83850
83928
84438
85005
85073
85531
85549
86079
86182
86463
87469
87708
87717
88437
88906
89357
89504
89761
90060
90434
90970
92292
93275
93420
94845
94887
94907
95204
95228
97094
98962
98964
99057
99082
99174
99242
99540
100146
100335
100415
100713
100798
101327
101474
101478
103766
103824
104127
104755
105001
105367
105835
107959
108978
110970
112079
113341
113607
114699
115447
115457
115716
116589
117189
117281
117724
118087
118291
118857
119444
120570
120848
121019
121129
122398
123313
124061
125894
126402
126476
126521
126532
127297
128251
128282
128418
128688
128810
129102
129749
130550
131673
131945
133378
133580
134030
135192
135453
135778
135940
136759
137032
137572
137794
138903
139884
140733
140780
141210
141657
143060
143137
143492
143817
144828
145554
145561
146446
146540
147798
149674
152884
153025
154578
154858
155613
156416
157358
158743
158944
159074
159652
159742
159967
160424
160829
161573
161617
162205
162248
163765
165453
167691
169828
170358
172566
173632
174429
175460
178243
178380
178996
183803
184042
185398
187427
194387
195392
195601
198784
200478
201213
204458
208309
208310
210868
211339
212044
214135
214716
215821
218121
219259
221583
223196
223328
224833
226154
227102
228176
232657
236802
236874
242523
145
146
147
160
167
499
512
551
574
581
596
601
629
666
671
704
726
738
752
754
757
812
821
824
832
844
869
895
904
913
947
953
972
977
979
986
989
1006
1025
1060
1099
1102
1110
1121
1145
1153
1160
1172
1177
1209
1224
1290
1322
1338
1393
1412
1448
1449
1472
1491
1504
1562
1570
1573
1579
1602
1635
1645
1653
1655
1659
1674
1700
1706
1740
1755
1762
1778
1793
1808
1826
1831
1836
1848
1869
1879
1882
1891
1918
1935
1936
1948
1973
1975
1988
1995
1997
2027
2030
2035
2041
2067
2073
2078
2123
2142
2144
2168
2178
2181
2198
2219
2229
2232
2234
2265
2303
2308
2313
2389
2391
2400
2407
2450
2466
2491
2499
2529
2550
2563
2579
2585
2590
2621
2642
2646
2658
2693
2729
2732
2735
2740
2748
2803
2811
2818
2855
2879
2888
2925
2929
2962
3002
3035
3070
3073
3119
3123
3173
3188
3210
3221
3224
3253
3261
3274
3294
3316
3371
3374
3378
3401
3408
3421
3448
3479
3480
3498
3500
3523
3532
3558
3571
3617
3636
3647
3654
3660
3661
3708
3770
3773
3782
3794
3805
3810
3858
3873
3912
3922
3962
3975
3978
4005
4009
4030
4036
4075
4085
4088
4114
4117
4130
4158
4167
4179
4200
4250
4261
4325
4330
4333
4340
4350
4414
4423
4428
4433
4461
4487
4518
4535
4539
4542
4554
4556
4567
4582
4587
4596
4602
4636
4660
4693
4699
4706
4708
4715
4755
4769
4785
4873
4881
4884
4925
4966
4987
4988
4996
5025
5072
5082
5096
5097
5154
5166
5191
5235
5245
5350
5367
5399
5404
5431
5434
5478
5504
5508
5528
5552
5565
5654
5660
5672
5673
5718
5729
5833
5840
5846
5920
5932
6007
6025
6027
6033
6082
6092
6104
6120
6130
6192
6196
6247
6270
6286
6288
6303
6306
6309
6344
6349
6382
6400
6429
6462
6469
6474
6501
6533
6534
6547
6563
6584
6595
6601
6617
6665
6685
6687
6691
6720
6733
6776
6791
6805
6816
6861
6869
6933
6934
6998
7006
7011
7021
7029
7093
7106
7120
7131
7138
7195
7271
7306
7328
7332
7339
7341
7343
7359
7361
7411
7427
7429
7436
7452
7458
7476
7479
7482
7497
7579
7585
7602
7610
7617
7621
7624
7634
7641
7655
7660
7676
7682
7694
7698
7713
7724
7764
7785
7796
7821
7846
7880
7889
7934
7953
7983
7986
7991
8003
8006
8018
8020
8071
8073
8082
8098
8104
8159
8175
8182
8203
8257
8304
8373
8382
8434
8450
8452
8472
8485
8523
8545
8549
8551
8559
8570
8573
8595
8598
8606
8659
8670
8706
8718
8728
8732
8733
8735
8748
8756
8772
8787
8805
8812
8835
8889
8927
9027
9111
9116
9144
9174
9208
9212
9233
9262
9290
9292
9293
9295
9302
9307
9320
9322
9333
9349
9352
9364
9369
9406
9479
9503
9528
9571
9579
9584
9620
9621
9628
9639
9644
9650
9674
9675
9709
9724
9726
9730
9732
9785
9850
9861
9871
10006
10022
10034
10103
10132
10143
10151
10165
10185
10208
10210
10227
10228
10237
10242
10271
10325
10370
10400
10425
10458
10472
10487
10498
10524
10533
10558
10575
10598
10617
10623
10674
10677
10704
10738
10764
10780
10784
10789
10815
10842
10882
10883
10901
10904
10922
10925
10932
10944
10951
10960
10967
10991
10997
11037
11045
11077
11102
11103
11111
11116
11147
11203
11236
11271
11283
11294
11303
11310
11322
11327
11358
11377
11607
11613
11719
11740
11756
11775
11785
11792
11824
11842
11858
11869
11879
11896
11901
11909
11919
11925
11942
11957
11988
11994
12011
12019
12030
12045
12046
12073
12103
12108
12138
12175
12176
12183
12187
12238
12239
12246
12248
12280
12289
12313
12373
12399
12432
12441
12488
12490
12501
12518
12531
12571
12575
12583
12592
12670
12682
12724
12750
12836
12845
12882
12926
12986
13013
13021
13038
13059
13076
13077
13089
13090
13104
13114
13126
13149
13153
13222
13291
13313
13319
13330
13357
13365
13395
13418
13466
13551
13569
13586
13629
13646
13696
13723
13733
13740
13761
13792
13803
13806
13855
13888
13901
13925
13945
13947
13951
13957
14009
14011
14033
14040
14051
14054
14070
14076
14152
14187
14193
14250
14284
14300
14390
14397
14413
14421
14434
14481
14510
14518
14557
14599
14638
14702
14707
14711
14757
14769
14785
14795
14904
14917
14937
14986
15048
15063
15150
15190
15237
15256
15279
15283
15360
15384
15424
15446
15477
15539
15573
15585
15599
15644
15661
15700
15721
15739
15744
15747
15862
15868
15914
15937
15978
15979
15998
16027
16121
16164
16223
16258
16271
16298
16314
16326
16355
16422
16438
16445
16477
16520
16525
16595
16605
16622
16630
16646
16707
16793
16819
16823
16850
16856
16904
16927
16935
16947
16994
16996
17099
17103
17114
17131
17140
17183
17202
17257
17489
17566
17601
17647
17667
17674
17709
17760
17770
17844
17924
17935
17961
17995
18041
18065
18080
18084
18146
18269
18312
18315
18319
18414
18475
18572
18677
18696
18765
18778
18828
18879
18941
18947
18986
18993
19009
19020
19052
19053
19125
19178
19188
19239
19240
19343
19375
19382
19392
19399
19400
19446
19460
19469
19495
19543
19548
19565
19566
19591
19756
19779
19781
19846
19943
20001
20016
20034
20068
20085
20087
20179
20193
20205
20232
20294
20327
20371
20390
20425
20456
20472
20478
20499
20532
20547
20604
20612
20616
20701
20738
20745
20773
20790
20875
20889
20938
20943
20971
21052
21073
21085
21100
21101
21114
21125
21142
21202
21265
21280
21307
21331
21354
21385
21407
21446
21499
21508
21518
21550
21553
21561
21615
21676
21690
21717
21753
21797
21831
21835
21856
21896
21951
22039
22090
22095
22140
22145
22167
22169
22195
22235
22278
22295
22323
22354
22437
22491
22493
22525
22550
22592
22631
22693
22756
22779
22792
22828
22829
22871
22941
23057
23058
23117
23195
23214
23243
23325
23356
23363
23384
23406
23433
23458
23461
23531
23566
23612
23742
23789
23861
23877
23880
23893
23941
23966
24003
24051
24255
24296
24344
24417
24466
24534
24554
24569
24597
24638
24767
24803
24859
24977
25000
25020
25089
25137
25139
25142
25149
25311
25435
25477
25509
25519
25551
25573
25583
25635
25704
25733
25793
25795
25803
25862
25920
26035
26097
26107
26211
26252
26276
26293
26421
26423
26428
26439
26453
26456
26458
26479
26536
26550
26551
26574
26614
26717
26804
26809
26816
26867
26919
26984
27075
27162
27213
27215
27242
27279
27413
27472
27481
27489
27490
27495
27531
27631
27712
27717
27733
27737
27791
27897
27999
28122
28133
28279
28293
28330
28338
28360
28570
28591
28713
28734
28847
28857
28868
28876
28898
28922
28935
28937
28947
28971
29000
29020
29025
29063
29245
29277
29283
29287
29321
29415
29437
29465
29520
29527
29616
29912
29913
29982
29991
29998
30000
30047
30055
30130
30164
30228
30259
30264
30292
30327
30386
30442
30445
30446
30460
30638
30656
30669
30734
30852
30908
30919
30973
30990
31069
31071
31095
31113
31128
31159
31246
31383
31517
31571
31641
31770
31778
31784
31840
31929
31945
32043
32063
32148
32202
32258
32302
32308
32319
32374
32452
32481
32526
32669
32713
32737
32741
32789
32805
32879
32892
32987
32993
33006
33046
33086
33227
33231
33235
33249
33258
33285
33345
33391
33466
33481
33482
33616
33847
33855
33864
33868
33939
34066
34139
34142
34203
34246
34266
34269
34280
34310
34315
34318
34390
34403
34407
34435
34519
34645
34654
34691
34727
34827
34841
34856
34945
34980
35022
35069
35143
35152
35158
35401
35470
35495
35521
35580
35588
35666
35717
35727
35756
35778
35808
35949
36008
36164
36242
36275
36320
36350
36359
36363
36376
36384
36401
36518
36543
36572
36749
36754
36756
36803
36940
36975
36996
37007
37061
37087
37099
37204
37313
37319
37328
37386
37388
37474
37774
37798
37843
37892
38027
38050
38084
38094
38279
38444
38477
38485
38659
38755
38917
38943
39049
39161
39362
39364
39384
39419
39449
39461
39571
39619
39656
39689
39698
39773
39821
39874
39892
39983
40037
40039
40143
40152
40213
40266
40329
40342
40617
40656
40686
40716
40774
40836
40851
40853
40867
40988
41116
41129
41199
41210
41253
41346
41445
41458
41524
41527
41585
41599
41703
41706
41917
42151
42179
42184
42206
42257
42286
42342
42351
42357
42409
42672
42678
42759
42784
42842
42902
43002
43042
43064
43141
43149
43165
43293
43493
43570
43631
43751
43782
43792
43819
43927
44055
44125
44189
44275
44312
44315
44359
44424
44457
44461
44629
44653
44669
44841
44852
44877
44898
44973
45047
45158
45168
45217
45234
45352
45355
45397
45476
45609
45735
45750
45755
46001
46142
46163
46169
46176
46203
46271
46320
46548
46570
46649
46656
46723
46765
46771
46842
47107
47124
47201
47302
47359
47552
47580
47617
47801
47844
47940
48009
48055
48084
48097
48110
48265
48377
48428
48442
48473
48536
48653
48778
48846
49032
49106
49156
49234
49239
49256
49266
49316
49432
49461
49553
49611
49613
49639
49644
49716
49912
50104
50154
50307
50457
50483
50558
50696
50702
50724
50854
50977
51324
51508
51679
51687
51875
51965
52060
52200
52204
52249
52258
52357
52475
52493
52616
52728
52807
52919
53271
53293
53611
53643
53778
53785
53836
53874
53923
54089
54102
54139
54188
54247
54355
54390
54520
54524
54575
54637
54659
54728
54985
55006
55737
55848
55952
56162
56215
56296
56329
56369
56397
56402
56490
56814
56945
57064
57326
57362
57366
57674
57749
57819
57904
57936
57952
58065
58148
58193
58258
58269
58457
58459
58733
58745
58856
58935
58940
58944
59201
59471
59483
59840
59952
59995
60035
60197
60217
60276
60340
60567
60670
60781
60833
60961
61006
61024
61060
61286
61531
61567
61684
61708
61766
61860
61869
62079
62082
62296
62303
62609
62611
62652
62711
62735
62934
62936
63058
63114
63157
63190
63223
63254
63299
63510
63602
63640
63680
63823
63880
63901
63977
64017
64215
64382
64714
64760
64773
65153
65161
65170
65402
65580
65618
65806
65816
66020
66121
66195
66257
66338
66359
66814
66927
66948
67122
67223
67280
67369
67505
67665
67997
68219
68327
68480
68706
68885
68925
68939
69040
69175
69619
69704
69897
70517
70584
70657
71295
71322
71404
71601
71612
71733
71792
71835
71905
72067
72336
72615
72698
73003
73022
73118
73445
73748
74042
74250
74425
74544
74632
74798
74860
74938
75166
75344
75393
75408
75467
75619
75888
76325
76357
76366
76481
76606
77021
77163
77213
77240
77593
77716
78315
78335
78341
78407
78824
78850
79160
79271
79568
79691
79969
80120
80225
80364
80384
80541
80590
80684
81302
81446
81775
81933
82028
82032
82199
82225
82336
82774
82788
82939
82977
83013
83042
83401
83433
83580
83581
83624
83751
83761
83874
83979
84237
84613
84706
84736
84810
84930
84986
85233
85363
85638
85710
85785
85828
85859
85911
86087
86502
86526
86970
86973
87215
87500
87596
87762
87802
87840
87863
88433
88444
88948
89303
89481
89570
89630
89895
90147
90856
90878
90913
91102
91237
91426
91751
91844
91888
91923
92034
92103
92280
92394
92521
92636
92967
92988
93036
93129
93190
93205
93326
93424
93639
93704
93867
93868
94057
94437
95229
95370
95419
95922
96579
96708
97050
97357
97691
98368
98644
99257
99423
99530
99623
99691
100138
100457
101246
101451
101491
101986
102205
102805
102860
103213
103374
103541
103593
103617
104290
104465
104739
104750
104921
105360
105937
106022
106210
106573
106587
106847
106851
106924
107182
107260
107507
108507
108529
108637
108702
108704
109356
109744
109771
110040
110130
110465
110681
110714
110740
110781
110914
111014
111148
111465
111658
111771
111831
111987
112731
112937
113458
113803
113872
113921
113968
114108
114248
114276
114808
115216
115523
115565
116096
116437
117149
117186
117827
117870
117929
118093
118111
118325
118821
119281
120033
120386
120749
120918
121006
121098
121435
121647
121835
121995
122397
122902
122911
123626
123889
124110
124145
124419
124655
124691
124954
125328
125329
125425
125443
126637
126702
127225
127488
127739
127759
127887
128074
128304
128731
128750
128754
128775
129229
129726
130063
130384
130415
130678
131556
131583
132180
132187
133016
133836
133937
134415
134535
135367
135540
135740
136209
136450
136535
136545
136725
137073
137939
137960
138374
138572
139113
139388
139649
140145
140378
140671
141604
141839
141875
141891
142330
142468
143283
143563
144269
144460
145472
146007
146671
146697
146836
146888
147224
148078
148261
148437
148472
148778
148884
149899
150340
150618
150755
150802
151497
153938
154526
154625
155639
156117
156303
156554
156646
157163
157726
157854
158385
159549
160366
161375
161452
161706
161766
162064
163296
164042
164667
164742
164997
165532
165809
165973
168875
168922
168938
169434
169457
169931
169971
170195
170728
171107
171208
171337
171710
172643
173078
173222
173664
176180
176845
177104
177590
177924
178293
178371
178423
178704
178852
179008
179014
179280
179470
179660
179846
179914
180583
181088
181262
181849
182615
182638
182809
183424
183553
184208
184754
186409
187206
187351
187600
188495
188733
188997
189078
189364
191407
193189
193778
194022
194600
194876
195605
195800
196780
196824
198164
198638
199581
199672
200091
200490
200714
201217
201607
201768
201961
202614
202690
203840
203952
204124
204414
206089
206165
207718
207784
208919
209716
209729
210123
210976
211772
211827
213434
213468
216847
217777
219182
219656
219734
221053
222608
223207
223471
223770
224779
228045
228177
229781
231323
232655
233561
234335
235745
235969
236675
236748
236863
236953
237181
1
143
149
151
154
162
164
530
539
550
556
557
579
595
604
632
635
636
650
654
656
670
673
676
677
687
694
700
703
713
718
724
737
741
747
748
755
783
785
796
800
805
806
807
839
853
879
903
906
907
923
926
930
942
944
963
966
970
971
978
980
1004
1007
1012
1013
1020
1028
1034
1041
1065
1073
1075
1096
1106
1117
1124
1129
1132
1142
1143
1146
1154
1158
1196
1210
1214
1215
1220
1230
1250
1267
1278
1283
1285
1295
1303
1309
1339
1348
1365
1376
1379
1424
1431
1444
1454
1488
1503
1507
1514
1525
1530
1536
1538
1552
1553
1555
1567
1583
1584
1588
1610
1614
1630
1668
1692
1705
1733
1771
1775
1779
1787
1797
1833
1843
1872
1877
1886
1888
1896
1897
1911
1917
1920
1940
1949
1950
1954
1956
1958
1965
1969
1974
1989
2018
2025
2033
2034
2040
2043
2045
2055
2061
2065
2069
2071
2091
2111
2113
2176
2184
2199
2209
2225
2242
2247
2270
2274
2279
2280
2281
2293
2302
2317
2320
2327
2339
2341
2357
2370
2373
2375
2395
2408
2413
2419
2436
2441
2470
2474
2492
2546
2588
2599
2606
2609
2611
2612
2622
2624
2639
2656
2657
2663
2674
2679
2692
2699
2709
2730
2737
2746
2757
2761
2786
2794
2797
2810
2824
2836
2850
2891
2904
2906
2908
2942
2961
2986
3006
3029
3034
3055
3059
3065
3078
3079
3093
3113
3138
3144
3148
3164
3174
3178
3185
3192
3207
3254
3258
3260
3267
3284
3295
3314
3319
3324
3331
3343
3352
3353
3370
3372
3380
3384
3392
3404
3405
3407
3416
3419
3431
3442
3444
3445
3477
3482
3502
3508
3510
3520
3539
3586
3595
3640
3653
3657
3667
3668
3673
3679
3684
3694
3705
3706
3713
3717
3733
3740
3743
3744
3749
3767
3778
3785
3792
3821
3822
3824
3833
3842
3856
3867
3889
3930
3931
3932
3972
3974
3981
3999
4000
4043
4045
4049
4059
4080
4092
4094
4112
4115
4150
4151
4170
4171
4176
4181
4211
4212
4222
4225
4227
4239
4240
4242
4243
4247
4257
4265
4278
4288
4292
4296
4300
4305
4310
4317
4322
4324
4335
4339
4351
4357
4373
4376
4377
4387
4389
4392
4393
4415
4419
4429
4432
4476
4482
4506
4526
4533
4551
4560
4561
4578
4601
4604
4614
4624
4630
4646
4647
4649
4655
4662
4667
4695
4698
4711
4714
4731
4733
4736
4776
4786
4809
4818
4830
4833
4842
4856
4859
4864
4866
4867
4882
4891
4893
4896
4899
4901
4906
4911
4913
4916
4918
4936
4939
4974
5006
5011
5013
5021
5026
5056
5101
5106
5124
5128
5129
5133
5147
5150
5167
5168
5183
5185
5201
5210
5211
5229
5233
5250
5254
5278
5314
5324
5327
5344
5348
5365
5375
5407
5417
5421
5422
5444
5447
5457
5462
5463
5466
5475
5487
5492
5503
5515
5527
5538
5543
5549
5557
5562
5567
5569
5575
5586
5597
5600
5615
5640
5642
5668
5695
5697
5727
5738
5749
5751
5760
5766
5773
5791
5792
5802
5811
5822
5856
5873
5879
5896
5960
5962
5973
5990
5997
6010
6022
6036
6047
6064
6073
6075
6079
6083
6121
6126
6132
6152
6163
6183
6184
6210
6225
6254
6257
6259
6264
6271
6272
6275
6282
6295
6315
6316
6319
6323
6342
6370
6372
6392
6395
6413
6419
6463
6493
6497
6507
6511
6514
6527
6535
6538
6548
6554
6557
6572
6589
6597
6607
6622
6638
6647
6674
6692
6693
6712
6723
6738
6746
6774
6782
6783
6787
6789
6804
6807
6809
6841
6865
6866
6870
6885
6916
6936
6949
6955
6957
6976
6981
7009
7013
7020
7032
7039
7054
7074
7082
7086
7088
7095
7123
7143
7156
7170
7185
7201
7208
7214
7215
7229
7238
7248
7262
7265
7289
7334
7335
7342
7352
7371
7373
7384
7393
7394
7440
7449
7464
7480
7486
7495
7505
7548
7560
7577
7588
7593
7599
7629
7635
7652
7656
7683
7704
7707
7720
7736
7762
7765
7777
7779
7801
7804
7816
7837
7861
7886
7954
7965
7969
7971
7992
8008
8021
8027
8047
8054
8061
8074
8075
8084
8086
8102
8113
8114
8122
8135
8140
8170
8172
8176
8178
8187
8197
8207
8232
8239
8249
8253
8256
8266
8281
8283
8285
8288
8297
8300
8309
8310
8317
8319
8333
8340
8351
8356
8375
8376
8389
8401
8418
8430
8436
8455
8459
8462
8507
8511
8524
8525
8558
8561
8571
8572
8574
8615
8616
8658
8697
8698
8714
8727
8754
8755
8757
8764
8785
8793
8795
8809
8820
8824
8831
8846
8860
8870
8875
8876
8886
8901
8906
8937
8945
8954
8955
8977
8980
8982
8991
8993
9003
9013
9034
9037
9059
9074
9091
9100
9103
9123
9128
9146
9157
9175
9176
9177
9185
9187
9200
9209
9225
9249
9259
9263
9273
9275
9351
9366
9378
9388
9391
9392
9397
9426
9434
9456
9502
9525
9530
9534
9569
9578
9585
9589
9593
9604
9609
9610
9626
9629
9630
9631
9634
9636
9637
9640
9691
9696
9700
9714
9721
9722
9725
9729
9734
9735
9747
9752
9754
9757
9762
9767
9771
9772
9780
9784
9808
9813
9814
9818
9842
9846
9851
9863
9867
9904
9908
9912
9913
9926
9928
9929
9937
9941
9943
9952
9987
9996
10009
10011
10025
10035
10048
10057
10059
10080
10087
10091
10094
10098
10142
10168
10170
10213
10218
10219
10225
10254
10256
10259
10264
10297
10319
10331
10346
10351
10353
10355
10362
10366
10379
10393
10422
10424
10430
10439
10446
10452
10475
10480
10505
10509
10510
10517
10520
10521
10548
10565
10593
10597
10649
10659
10664
10669
10684
10710
10713
10723
10725
10732
10745
10746
10761
10772
10777
10778
10818
10833
10841
10848
10856
10859
10877
10886
10912
10927
10934
10941
10979
10993
11005
11006
11029
11038
11041
11049
11052
11054
11081
11097
11118
11134
11146
11157
11160
11196
11211
11229
11231
11237
11238
11259
11265
11267
11274
11275
11282
11288
11312
11341
11342
11349
11365
11376
11401
11412
11431
11446
11456
11457
11461
11474
11489
11496
11521
11536
11551
11558
11563
11570
11582
11585
11595
11610
11634
11666
11684
11685
11696
11731
11752
11762
11777
11778
11806
11807
11823
11846
11850
11855
11874
11908
11921
11958
11963
11965
11975
11979
11985
12018
12022
12034
12043
12057
12067
12085
12102
12118
12120
12132
12162
12174
12179
12191
12208
12215
12219
12225
12228
12233
12259
12272
12282
12293
12328
12346
12363
12371
12396
12416
12425
12454
12457
12474
12478
12504
12530
12560
12580
12582
12601
12606
12613
12614
12631
12645
12647
12650
12652
12666
12669
12674
12677
12678
12688
12689
12725
12726
12762
12779
12815
12819
12832
12833
12842
12844
12847
12866
12868
12874
12884
12885
12889
12892
12911
12912
12915
12933
12960
12972
12974
12978
12985
12987
12991
13002
13011
13024
13030
13037
13039
13042
13053
13056
13058
13066
13083
13108
13132
13148
13185
13213
13228
13252
13265
13283
13286
13293
13307
13320
13322
13331
13342
13358
13361
13362
13368
13374
13391
13423
13434
13443
13446
13472
13479
13482
13544
13546
13555
13558
13573
13616
13619
13625
13643
13647
13651
13660
13670
13682
13690
13717
13727
13728
13759
13779
13782
13783
13807
13808
13835
13844
13848
13859
13865
13873
13880
13887
13896
13918
13920
13922
13939
13944
13946
13948
13954
13959
13976
13978
14007
14015
14023
14034
14038
14049
14050
14062
14077
14086
14104
14111
14131
14133
14142
14186
14190
14194
14210
14219
14227
14228
14248
14268
14285
14287
14291
14296
14297
14319
14335
14339
14344
14372
14376
14385
14389
14400
14419
14423
14425
14433
14441
14460
14463
14464
14468
14473
14475
14476
14494
14504
14512
14521
14541
14546
14566
14568
14582
14588
14619
14623
14644
14670
14672
14677
14688
14712
14720
14723
14727
14730
14773
14789
14791
14793
14806
14824
14836
14839
14843
14884
14896
14905
14911
14942
14963
14966
14970
14977
14978
14984
14993
15003
15007
15018
15039
15047
15066
15067
15116
15120
15123
15137
15143
15161
15186
15187
15188
15191
15213
15216
15224
15258
15267
15273
15275
15277
15281
15336
15338
15350
15358
15363
15374
15398
15403
15429
15433
15454
15457
15487
15513
15530
15545
15554
15572
15582
15594
15603
15610
15621
15627
15629
15630
15639
15677
15685
15691
15709
15719
15749
15758
15768
15771
15778
15801
15814
15829
15840
15849
15872
15874
15879
15884
15885
15930
15947
15963
15989
15992
16008
16019
16039
16053
16057
16058
16082
16085
16087
16146
16167
16180
16200
16219
16232
16249
16285
16291
16293
16373
16390
16441
16481
16482
16493
16499
16501
16510
16539
16548
16555
16556
16568
16581
16590
16599
16612
16613
16616
16618
16637
16671
16699
16701
16721
16730
16732
16748
16754
16758
16765
16808
16809
16810
16820
16848
16894
16903
16906
16909
16913
16954
16965
16972
16975
16978
16995
17002
17003
17028
17029
17032
17040
17042
17076
17079
17088
17117
17126
17134
17137
17141
17163
17169
17173
17179
17180
17185
17198
17208
17227
17245
17250
17262
17277
17282
17301
17302
17310
17318
17347
17378
17388
17393
17395
17399
17402
17407
17415
17429
17441
17443
17468
17480
17482
17483
17485
17508
17554
17569
17576
17581
17616
17623
17635
17637
17642
17644
17668
17697
17710
17720
17724
17735
17745
17779
17786
17804
17850
17867
17872
17874
17888
17890
17918
17956
18022
18024
18032
18044
18048
18058
18059
18063
18085
18112
18114
18116
18121
18133
18138
18140
18154
18160
18161
18162
18182
18184
18209
18211
18212
18226
18235
18237
18241
18258
18272
18287
18292
18308
18309
18394
18410
18445
18456
18474
18497
18512
18538
18551
18553
18560
18624
18653
18671
18695
18700
18704
18711
18728
18731
18740
18741
18754
18766
18779
18790
18800
18835
18842
18857
18875
18909
18928
18935
19001
19019
19031
19034
19092
19095
19159
19166
19204
19213
19214
19244
19256
19293
19317
19319
19332
19346
19347
19367
19381
19385
19387
19391
19443
19500
19503
19510
19519
19540
19558
19581
19587
19615
19631
19651
19657
19659
19689
19720
19722
19751
19754
19759
19853
19878
19891
19892
19897
19924
19939
19942
19977
19987
20015
20017
20019
20020
20054
20067
20075
20090
20103
20130
20147
20151
20156
20169
20183
20214
20218
20236
20239
20274
20318
20324
20353
20377
20402
20450
20451
20464
20467
20470
20473
20480
20494
20522
20529
20530
20558
20590
20593
20622
20625
20660
20665
20684
20687
20688
20712
20714
20737
20744
20763
20771
20809
20843
20846
20850
20859
20865
20874
20880
20884
20906
20946
20955
20982
20993
21003
21009
21012
21048
21068
21076
21078
21107
21115
21123
21144
21155
21179
21212
21217
21236
21242
21264
21268
21288
21304
21313
21318
21358
21379
21404
21425
21429
21452
21481
21485
21486
21489
21494
21498
21510
21567
21617
21621
21623
21664
21681
21692
21721
21728
21733
21735
21757
21759
21775
21807
21836
21852
21862
21891
21893
21904
21918
21931
21938
21941
21952
21962
21971
21979
22020
22021
22050
22056
22074
22076
22102
22117
22126
22136
22138
22163
22191
22218
22251
22279
22282
22307
22327
22329
22331
22468
22477
22541
22542
22544
22599
22612
22642
22645
22652
22670
22702
22705
22730
22745
22758
22771
22806
22815
22823
22824
22842
22846
22861
22866
22888
22948
22995
23000
23010
23049
23051
23089
23125
23143
23153
23163
23164
23194
23201
23219
23225
23226
23244
23245
23247
23258
23260
23305
23335
23338
23353
23389
23395
23423
23446
23448
23510
23513
23548
23560
23583
23600
23637
23638
23642
23680
23681
23689
23707
23711
23719
23725
23726
23743
23755
23772
23788
23803
23850
23865
23869
23910
23918
23920
23936
23952
23961
23986
23992
23994
24032
24036
24040
24041
24066
24088
24101
24119
24148
24165
24195
24219
24225
24232
24273
24285
24295
24303
24313
24326
24328
24369
24374
24381
24388
24392
24400
24410
24414
24424
24433
24434
24451
24473
24481
24493
24497
24516
24523
24575
24612
24616
24619
24625
24644
24663
24701
24716
24740
24742
24747
24760
24761
24781
24796
24812
24817
24818
24837
24843
24845
24850
24911
24947
24962
24987
25028
25030
25038
25090
25109
25119
25125
25126
25134
25135
25145
25178
25217
25221
25222
25224
25234
25240
25260
25261
25267
25276
25278
25285
25287
25291
25301
25314
25319
25330
25338
25346
25356
25383
25396
25409
25421
25430
25438
25454
25491
25493
25529
25531
25541
25565
25567
25577
25578
25581
25588
25630
25805
25808
25835
25907
25940
25956
25974
26016
26021
26044
26056
26062
26070
26083
26104
26121
26154
26155
26167
26192
26209
26231
26233
26295
26315
26350
26356
26358
26365
26377
26385
26391
26419
26424
26493
26502
26516
26533
26567
26608
26644
26654
26690
26727
26759
26761
26764
26787
26798
26800
26827
26833
26879
26884
26885
26908
26929
27026
27085
27100
27123
27161
27166
27169
27187
27197
27214
27222
27224
27272
27276
27297
27299
27352
27365
27368
27384
27393
27394
27398
27403
27429
27453
27456
27491
27497
27504
27533
27563
27570
27583
27587
27596
27662
27672
27674
27680
27707
27713
27725
27752
27761
27770
27772
27801
27823
27834
27847
27851
27862
27872
27874
27881
27916
27957
27968
27988
28006
28010
28032
28039
28050
28053
28079
28100
28105
28128
28166
28236
28239
28245
28253
28291
28326
28328
28331
28332
28333
28347
28348
28352
28384
28392
28396
28411
28419
28439
28441
28455
28530
28551
28628
28634
28641
28642
28646
28681
28697
28721
28723
28725
28728
28730
28740
28751
28763
28786
28792
28843
28877
28902
28904
28910
28913
28921
28925
28954
28981
29014
29015
29059
29066
29095
29101
29102
29105
29125
29139
29160
29162
29181
29197
29202
29206
29280
29282
29288
29296
29312
29320
29344
29354
29429
29476
29504
29511
29515
29528
29557
29576
29596
29625
29632
29646
29655
29663
29685
29809
29822
29845
29875
29910
29934
29945
29977
29988
30023
30028
30037
30080
30134
30136
30149
30180
30191
30221
30246
30255
30295
30314
30354
30356
30389
30409
30416
30435
30465
30533
30559
30579
30583
30609
30621
30628
30633
30659
30662
30666
30711
30718
30730
30781
30784
30790
30791
30792
30814
30817
30841
30854
30895
30923
30943
30957
30958
31016
31029
31058
31065
31106
31115
31183
31197
31212
31238
31278
31287
31295
31317
31324
31335
31356
31369
31389
31408
31503
31512
31519
31534
31555
31584
31622
31625
31627
31629
31637
31639
31686
31700
31716
31727
31729
31742
31745
31760
31763
31766
31773
31774
31779
31794
31832
31856
31868
31930
31939
31950
31951
31992
31995
31997
32003
32028
32095
32124
32149
32156
32162
32176
32187
32191
32215
32229
32230
32251
32271
32288
32306
32314
32345
32427
32454
32479
32504
32510
32544
32585
32602
32631
32635
32655
32670
32681
32701
32764
32814
32826
32837
32846
32857
32928
32999
33055
33069
33075
33088
33100
33116
33124
33197
33228
33242
33246
33253
33286
33289
33291
33335
33392
33404
33413
33422
33434
33473
33506
33530
33554
33564
33591
33627
33651
33672
33831
33833
33860
33862
33940
33944
33955
33958
33963
33975
33986
33999
34002
34008
34010
34019
34030
34031
34056
34064
34089
34106
34122
34132
34220
34267
34290
34296
34321
34328
34339
34353
34359
34369
34384
34415
34436
34454
34458
34489
34496
34520
34531
34533
34598
34607
34615
34617
34657
34679
34685
34686
34725
34740
34751
34765
34777
34816
34826
34839
34846
34850
34887
34892
34937
34960
34961
34984
35004
35024
35043
35083
35089
35093
35099
35100
35133
35135
35136
35141
35153
35174
35194
35197
35202
35221
35231
35237
35254
35276
35316
35319
35323
35357
35383
35396
35404
35405
35426
35428
35438
35441
35482
35509
35538
35566
35592
35609
35620
35632
35640
35654
35655
35671
35693
35724
35755
35761
35769
35792
35850
35881
35906
35934
35997
36021
36038
36104
36112
36126
36141
36149
36157
36161
36162
36163
36227
36253
36276
36283
36312
36340
36374
36387
36398
36410
36422
36485
36489
36509
36513
36560
36585
36594
36595
36597
36631
36649
36674
36676
36702
36791
36801
36829
36838
36845
36904
36968
36981
37016
37021
37058
37077
37130
37143
37145
37154
37162
37213
37247
37248
37284
37392
37399
37404
37434
37453
37454
37484
37488
37534
37543
37572
37583
37636
37637
37643
37669
37673
37674
37720
37731
37747
37755
37764
37767
37803
37822
37834
37863
37889
37924
37951
37965
37971
38013
38018
38034
38045
38051
38059
38097
38113
38140
38150
38236
38248
38268
38317
38322
38327
38331
38345
38348
38384
38401
38403
38424
38446
38466
38471
38565
38574
38586
38608
38677
38702
38786
38805
38819
38881
38882
38916
38983
38990
39029
39067
39083
39104
39141
39144
39185
39188
39214
39229
39249
39254
39261
39271
39276
39294
39358
39368
39370
39372
39426
39440
39463
39477
39510
39524
39525
39586
39591
39601
39644
39694
39716
39735
39736
39817
39818
39840
39844
39905
39918
39947
39952
39975
40026
40043
40101
40219
40225
40242
40299
40343
40348
40371
40400
40409
40425
40440
40505
40520
40542
40605
40628
40632
40635
40673
40674
40675
40733
40761
40846
40855
40860
40899
40912
40957
40973
40990
40995
41005
41031
41039
41044
41063
41069
41131
41152
41164
41173
41223
41226
41248
41281
41284
41302
41371
41380
41387
41392
41400
41469
41480
41483
41519
41543
41571
41580
41691
41694
41696
41707
41737
41761
41779
41796
41819
41854
41864
41875
41923
41963
41995
42007
42012
42023
42088
42090
42097
42103
42150
42178
42252
42253
42255
42293
42332
42353
42359
42383
42422
42430
42433
42455
42475
42499
42502
42574
42575
42580
42595
42652
42721
42728
42761
42862
42866
42879
42928
42942
42960
42974
43004
43034
43051
43059
43097
43123
43146
43158
43167
43188
43201
43274
43276
43284
43289
43290
43332
43342
43354
43363
43365
43370
43407
43413
43432
43443
43471
43550
43573
43592
43604
43629
43633
43653
43668
43669
43688
43730
43760
43777
43812
43829
43843
43852
43887
43899
43928
43929
43943
43945
43983
44048
44049
44066
44077
44079
44094
44112
44193
44200
44212
44214
44310
44338
44351
44357
44389
44435
44438
44484
44533
44545
44586
44595
44635
44656
44692
44700
44701
44721
44732
44759
44771
44793
44812
44814
44832
44844
44876
44911
44968
44976
45012
45027
45058
45060
45064
45116
45140
45165
45205
45209
45211
45228
45241
45247
45253
45271
45319
45325
45342
45362
45441
45512
45530
45533
45566
45650
45668
45669
45689
45693
45797
45835
45853
45880
45941
45966
46000
46047
46081
46099
46105
46119
46137
46164
46174
46196
46206
46217
46222
46239
46241
46251
46341
46379
46387
46401
46405
46412
46443
46456
46487
46515
46531
46532
46561
46564
46626
46691
46757
46779
46780
46797
46802
46811
46815
46858
46867
46968
46974
47004
47005
47070
47166
47169
47182
47198
47203
47216
47226
47236
47276
47277
47290
47335
47337
47360
47382
47384
47389
47398
47427
47453
47470
47619
47641
47686
47687
47688
47696
47705
47706
47713
47724
47755
47805
47821
47849
47874
47883
47892
48037
48040
48070
48157
48158
48170
48175
48179
48183
48204
48223
48301
48312
48347
48349
48410
48432
48446
48479
48486
48526
48560
48617
48628
48629
48656
48667
48672
48693
48699
48721
48733
48776
48792
48806
48873
48896
48940
48949
49028
49074
49105
49188
49201
49243
49255
49261
49263
49318
49327
49354
49375
49431
49438
49446
49489
49494
49498
49499
49512
49566
49621
49659
49708
49726
49730
49737
49789
49799
49869
49878
49922
49935
49981
49987
50058
50158
50181
50183
50185
50270
50275
50299
50315
50334
50345
50355
50410
50416
50453
50455
50482
50501
50504
50535
50561
50571
50581
50587
50600
50606
50658
50670
50694
50759
50804
50814
50820
50862
50874
50888
50953
50955
50957
51029
51034
51067
51083
51134
51164
51208
51216
51223
51234
51287
51348
51351
51364
51398
51407
51418
51602
51636
51640
51664
51674
51711
51735
51808
51811
51818
51825
51834
51850
51853
51909
51962
51996
52004
52031
52104
52108
52266
52269
52288
52298
52308
52312
52338
52372
52472
52560
52647
52653
52660
52679
52785
52856
52988
53028
53098
53141
53145
53147
53153
53163
53180
53199
53208
53265
53272
53277
53323
53343
53359
53382
53418
53444
53450
53459
53542
53543
53561
53573
53647
53700
53712
53880
53946
53968
54018
54067
54157
54214
54228
54270
54274
54400
54417
54433
54482
54514
54530
54606
54610
54651
54654
54674
54724
54762
54900
54933
54980
54992
54994
55055
55060
55070
55173
55221
55268
55286
55343
55348
55395
55407
55462
55468
55477
55544
55558
55587
55640
55652
55747
55773
55785
55793
55806
55816
55951
55969
56034
56056
56065
56072
56124
56132
56136
56181
56218
56276
56277
56331
56343
56401
56557
56579
56605
56660
56701
56725
56753
56754
56788
56794
56904
57009
57043
57099
57103
57146
57151
57264
57285
57302
57330
57384
57390
57397
57416
57428
57431
57438
57454
57471
57532
57558
57561
57736
57750
57755
57761
57843
57859
57864
57867
58018
58024
58041
58127
58137
58205
58206
58207
58237
58262
58340
58357
58439
58478
58491
58545
58551
58555
58602
58711
58730
58845
58889
58892
58899
58900
58921
58929
59017
59069
59084
59093
59111
59159
59160
59292
59303
59422
59481
59517
59529
59559
59603
59700
59716
59722
59758
59769
59782
59830
59893
59902
59997
60048
60110
60190
60201
60226
60250
60397
60461
60573
60577
60592
60637
60903
60973
61018
61022
61071
61111
61117
61118
61137
61145
61153
61187
61217
61233
61244
61250
61267
61309
61323
61324
61376
61414
61475
61579
61598
61622
61623
61627
61651
61721
61734
61762
61799
61811
61842
61861
61904
61916
61997
62008
62024
62046
62072
62128
62145
62155
62187
62197
62239
62260
62308
62408
62420
62422
62436
62452
62473
62477
62486
62540
62546
62554
62561
62590
62617
62629
62641
62678
62708
62720
62818
62819
62833
62839
62919
63044
63093
63103
63140
63232
63235
63250
63295
63322
63334
63355
63435
63593
63599
63692
63706
63723
63754
63809
63847
63907
63916
63922
63960
63980
64018
64063
64106
64224
64225
64260
64283
64306
64334
64429
64446
64555
64572
64653
64656
64668
64679
64686
64722
64748
64767
64803
64815
64835
64860
64879
64883
64977
64992
65028
65046
65061
65078
65090
65129
65147
65191
65205
65213
65273
65280
65287
65291
65292
65336
65371
65525
65600
65644
65657
65696
65713
65726
65757
65831
65879
65896
65941
65967
65968
65977
65994
66010
66035
66128
66163
66222
66232
66242
66343
66350
66478
66536
66642
66649
66744
66786
66807
66846
66931
67045
67112
67119
67147
67172
67238
67260
67349
67360
67379
67388
67450
67468
67492
67521
67547
67562
67645
67679
67684
67722
67780
67818
67828
67898
67908
67963
67968
68002
68009
68058
68085
68097
68134
68137
68171
68196
68229
68265
68328
68354
68440
68450
68490
68535
68628
68651
68717
68772
68836
68882
68980
69025
69063
69066
69109
69116
69127
69283
69284
69343
69358
69378
69386
69565
69656
69695
69706
69708
69731
69850
69900
69934
69988
70010
70034
70045
70153
70154
70270
70277
70444
70495
70660
70678
70760
70836
70884
70902
70942
71009
71054
71083
71108
71123
71188
71191
71211
71299
71319
71398
71435
71467
71518
71565
71613
71635
71638
71653
71719
71721
71762
71769
71816
71824
71955
72101
72147
72211
72269
72413
72575
72585
72627
72650
72893
72936
73007
73061
73069
73125
73142
73218
73226
73246
73249
73250
73267
73294
73296
73367
73404
73452
73508
73584
73633
73678
73698
73723
73729
73731
73756
73837
73891
74031
74175
74252
74254
74286
74314
74362
74394
74395
74477
74484
74492
74548
74742
74768
74780
74857
74874
74900
75042
75043
75048
75110
75112
75194
75217
75238
75328
75411
75506
75558
75573
75633
75652
75751
75862
75874
75896
75898
75967
76066
76104
76119
76137
76164
76535
76536
76543
76615
76656
76688
76702
76823
76905
76910
77023
77143
77375
77394
77453
77492
77499
77577
77629
77661
77669
77728
77795
77828
77865
77905
77937
77943
77985
78008
78058
78066
78115
78139
78145
78245
78266
78273
78323
78370
78392
78394
78396
78551
78574
78592
78672
78676
78775
78777
79038
79050
79151
79164
79202
79205
79223
79226
79290
79319
79339
79340
79378
79412
79425
79451
79629
79647
79767
79913
79914
79950
79998
80007
80077
80087
80090
80121
80340
80375
80405
80409
80416
80453
80465
80488
80506
80536
80722
80764
80802
80811
80820
80831
80919
80930
80991
81050
81059
81099
81146
81153
81265
81297
81325
81338
81444
81521
81547
81553
81637
81638
81661
81689
81757
81800
81807
81829
81961
82037
82049
82138
82155
82244
82296
82297
82341
82417
82425
82504
82514
82526
82601
82719
82793
82801
82811
82835
82956
83043
83079
83213
83222
83242
83305
83314
83351
83380
83385
83394
83407
83475
83576
83582
83696
83708
83725
83738
83793
83858
83866
83924
83962
84015
84039
84070
84074
84176
84225
84241
84276
84304
84436
84459
84513
84538
84541
84542
84578
84585
84596
84625
84675
84695
84710
84774
84808
84840
84850
84888
84917
84989
85025
85026
85097
85160
85271
85273
85329
85338
85480
85503
85511
85554
85628
85687
85708
85838
85901
85903
85976
86106
86211
86249
86460
86510
86581
86602
86604
86611
86658
86820
86865
86892
86898
86960
87068
87074
87135
87140
87169
87295
87427
87501
87530
87551
87566
87613
87725
87732
87783
87830
87938
88047
88067
88098
88195
88200
88213
88219
88232
88268
88319
88355
88376
88382
88494
88574
88602
88711
88837
88868
88933
88957
89061
89096
89136
89196
89213
89289
89325
89353
89410
89573
89585
89625
89645
89653
89691
89740
89796
89856
89911
89914
89987
90069
90161
90169
90182
90273
90375
90419
90500
90506
90507
90508
90576
90702
90743
90756
90822
90841
90897
90940
90965
90995
91075
91078
91138
91210
91270
91348
91354
91358
91392
91399
91402
91432
91468
91515
91627
91671
91776
91820
91837
91857
91982
91988
92020
92044
92056
92301
92460
92522
92550
92573
92578
92759
92767
92816
92822
92916
92961
93010
93064
93159
93260
93345
93356
93357
93446
93494
93655
93711
93737
93750
93810
93865
93957
93968
94005
94010
94118
94151
94180
94181
94189
94222
94252
94288
94379
94386
94394
94416
94463
94517
94562
94724
94786
94801
94802
94955
95063
95131
95159
95186
95235
95495
95500
95525
95538
95539
95605
95620
95623
95655
95745
95851
95857
95889
96062
96071
96085
96102
96155
96175
96201
96210
96348
96460
96565
96641
96654
96772
96788
96820
96871
97016
97189
97516
97655
97674
97748
97813
97822
97918
98100
98154
98258
98263
98318
98363
98381
98458
98505
98542
98572
98579
98624
98904
98924
98991
98996
99025
99053
99062
99078
99282
99418
99430
99652
99760
99781
99898
99907
100000
100044
100191
100218
100252
100326
100399
100526
100532
100596
100610
100818
100887
100922
101010
101033
101052
101108
101237
101239
101262
101316
101318
101349
101353
101471
101510
101547
101606
101713
101715
101990
102059
102120
102171
102229
102267
102280
102307
102311
102314
102389
102454
102497
102538
102593
102610
102625
102688
102755
102812
103009
103090
103116
103123
103130
103168
103185
103348
103446
103476
103519
103521
103533
103759
103831
103937
103942
104028
104051
104161
104403
104476
104536
104562
104590
104648
104660
104707
104725
104744
104795
104892
105119
105230
105275
105298
105371
105385
105398
105469
105629
105739
105815
105888
105999
106157
106237
106299
106422
106463
106465
106481
106505
106555
106649
106848
106861
106943
106987
107096
107206
107208
107234
107299
107315
107343
107393
107401
107425
107478
107651
107825
107855
107912
107996
108142
108197
108223
108269
108344
108355
108414
108490
108551
108575
108767
108816
108819
108868
108902
109000
109076
109531
109532
109620
109654
109741
109839
109894
109941
109991
110056
110222
110227
110238
110270
110306
110502
110525
110690
110801
110814
110877
111061
111125
111476
111610
111765
111934
112119
112189
112231
112304
112338
112427
112463
112507
112530
112606
112640
112752
112754
112865
112903
113009
113054
113079
113105
113114
113214
113241
113325
113416
113462
113534
113537
113712
113824
113862
113970
114107
114148
114296
114314
114334
114372
114455
114465
114473
114505
114580
114641
114653
114698
114800
114815
114837
114839
114886
114921
114947
115053
115218
115226
115709
115835
115953
115997
116031
116179
116499
116569
116645
116786
116789
116811
116909
117140
117147
117165
117175
117183
117222
117339
117373
117394
117413
117500
117516
117520
117676
117849
117928
117977
118028
118069
118269
118364
118417
118500
118594
118634
118664
118748
118812
118870
118878
118962
118998
119013
119115
119146
119155
119232
119591
119711
119743
119858
119865
120074
120100
120119
120126
120180
120233
120453
120502
120600
120694
120705
120742
120778
120785
120840
120865
120956
121531
121542
121660
121756
121757
121760
121782
121817
122010
122059
122343
122499
122539
122540
122583
122605
122625
122651
122665
122775
122915
122957
123166
123307
123427
123428
123448
123552
123795
123843
123937
124287
124319
124424
124431
124512
124518
124548
124598
124648
124690
124790
124959
124991
125011
125048
125055
125145
125192
125356
125371
125408
125793
125912
126117
126267
126300
126374
126406
126443
126463
126535
126587
126641
126651
126743
126922
126960
126974
126998
127037
127096
127099
127106
127170
127430
127454
127491
127740
127744
127907
127974
127979
128015
128029
128061
128121
128181
128256
128366
128379
128447
128515
128578
128588
128615
128811
128814
128828
129059
129088
129510
129528
129596
129675
129706
129708
129724
129802
129804
129947
130212
130214
130269
130434
130450
130485
130511
130693
130840
130939
131047
131223
131234
131441
131727
131770
132092
132260
132274
132340
132454
132457
132481
132565
132588
132593
132632
132696
132731
132735
132772
132938
133070
133141
133315
133321
133360
133394
133423
133440
133448
133604
133657
133694
133740
133760
133788
133789
134053
134161
134175
134201
134260
134422
134512
134624
134639
134731
134784
134969
135040
135077
135222
135431
135559
135887
135925
136007
136066
136074
136077
136229
136368
136528
136695
136776
136953
136994
137099
137307
137501
137556
137627
137672
137727
137858
137887
137915
137938
137941
138019
138152
138212
138221
138245
138368
138392
138648
138711
138716
138805
138832
138849
138906
139094
139218
139421
139584
139843
139908
139924
139984
140022
140087
140312
140436
140505
140640
140678
140771
140798
140808
140812
140963
141229
141269
141311
141385
141849
141903
142332
142579
142681
142713
142765
142826
142835
142981
143002
143087
143142
143179
143257
143375
143439
143624
143630
143636
143756
143877
143937
144075
144226
144352
144400
144470
144576
144683
144774
144839
144904
145016
145072
145114
145218
145264
145352
145393
145398
145558
145807
145892
145996
146075
146076
146139
146167
146185
146523
146591
146622
146994
146995
147074
147142
147275
147313
147336
147631
147698
147746
147914
148038
148150
148201
148259
148271
148319
148362
148392
148419
148431
148720
148983
149027
149037
149644
149981
149990
150049
150154
150199
150365
150386
150528
150558
150559
150613
150904
151162
151252
151273
151362
151366
151387
151412
151434
151625
151651
151749
151919
152044
152072
152368
152418
152744
152812
152818
152841
152998
153443
153546
153690
153799
154003
154125
154130
154194
154237
154300
154469
154546
154745
154765
154834
154909
155011
155181
155226
155228
155248
155309
155450
155491
155624
155678
155721
155771
155820
156022
156151
156399
156492
156590
156682
156686
156803
157616
157618
157626
157684
157730
158033
158039
158166
158212
158532
158537
158749
158849
158861
158866
158907
159030
159398
159405
159414
159460
159661
159709
159739
159769
160049
160506
160603
160773
160946
161242
161292
161578
161601
162295
162335
162523
162668
162785
162938
163113
163282
163367
163409
163425
163429
163526
163923
163971
163993
164356
164419
164551
164557
164577
164670
164705
164787
164984
165440
165458
165474
165521
165640
165800
165819
165831
165976
166070
166094
166480
166601
166642
166677
166755
166836
166943
166957
166997
167003
167105
167134
167141
167252
167340
167345
167430
167553
167643
167773
168071
168196
168306
168746
168904
168949
169086
169097
169107
169179
169415
169711
169813
170033
170123
170132
170249
170701
170730
170748
170770
170793
170812
170849
171133
171134
171312
171418
171693
171776
171802
171923
172016
172082
172241
172251
172277
172510
172568
172987
173321
173479
173503
173576
173710
173739
173959
174043
174060
174097
174264
174350
174521
174584
174761
174827
175022
175024
175303
175472
175756
175775
175989
176340
176497
176588
176728
176748
176877
177133
177211
177283
177490
177944
178152
178204
178237
178541
178558
178753
178868
178891
178948
178956
179104
179200
179308
179339
179534
179826
179999
180062
180256
180418
180514
180551
180599
180686
180754
180784
180812
181071
181266
181346
181467
181673
181958
182122
182454
182499
182502
182690
182714
182782
183042
183288
183335
183580
183591
183619
184290
184365
184567
184790
184821
185368
185406
185440
185487
185494
185500
185572
185749
185861
186204
186264
186323
186499
186609
186634
186644
186791
186881
186979
187327
187571
187581
187592
187655
187693
187816
187857
187891
188169
188336
188629
188781
188928
189097
189512
189536
189824
190098
190153
190304
190400
190597
190734
190909
190935
191132
191398
191744
191957
191961
192035
192406
192553
192588
192609
192655
193330
193452
193470
193495
193728
193879
194024
194399
194402
194578
195196
195312
195326
195409
195746
195801
196158
196331
196463
196658
197013
197076
197146
197211
197226
197283
197682
197694
197784
197831
198296
198597
198612
198633
198701
198736
199018
199161
199186
199316
199432
199659
199692
199837
199849
200057
200078
200137
200151
200367
200391
200451
200456
200492
200647
200672
201026
201150
201263
201521
201615
201631
201781
202076
202413
202468
202721
202785
202942
203005
203192
203243
203839
204019
204081
204164
204165
204184
204192
204355
204448
204846
205224
205266
205367
205376
205489
205511
205567
205578
205644
205895
206043
206063
206117
206222
206421
206428
206533
207015
207053
207221
207426
207456
207510
207601
208062
208255
208259
208292
208545
208571
208574
208652
208659
208996
209081
209350
209957
210142
210250
210290
210520
210612
210690
210698
210718
210786
211010
211284
211429
211661
211713
211744
212096
212135
212479
212503
212528
212579
212729
212793
212824
212868
213199
213282
213344
213351
213465
213708
213911
213998
214645
214852
215313
215320
215581
215600
215711
216125
216345
216434
216747
216791
217349
217441
217689
217774
218611
218621
218628
218818
218875
219147
219456
219494
219497
219539
219550
219616
219679
219732
219742
219853
220434
220438
220588
220731
220979
221220
221369
221662
221728
222545
222552
222561
222677
222724
223003
223251
223640
223730
223797
223851
224079
224417
224982
225063
225149
225263
225320
225347
225537
225970
226148
226252
226486
226587
226603
226726
226805
226968
227120
227160
227230
227231
227237
227419
227604
227662
228008
228260
228635
228679
229099
229101
229139
229267
229504
229548
229826
230083
230490
230811
230875
231161
231292
231719
231723
232184
232647
232793
232826
233581
233774
233859
233908
234165
234505
235015
235146
235204
235360
235856
235965
236355
236450
236590
236959
237858
244862
245305
247975
249262
252056
0
2
3
4
5
6
7
8
9
10
11
12
13
14
15
16
17
18
19
20
21
22
23
24
25
26
27
28
29
30
31
32
33
34
35
36
37
38
39
40
41
42
43
44
45
46
47
51
52
53
54
55
56
57
58
59
60
61
62
63
64
65
66
67
68
69
70
71
72
73
74
75
76
77
78
79
80
81
82
83
84
85
86
87
88
89
90
91
92
93
94
95
96
97
98
99
102
103
104
105
109
110
111
112
113
114
115
116
117
118
119
120
121
122
123
124
125
126
127
128
129
130
131
132
133
134
135
136
137
150
153
155
157
158
159
161
163
165
166
168
169
170
171
172
173
174
175
176
177
178
179
180
181
182
183
184
185
186
187
188
189
190
191
192
193
194
195
196
197
198
199
200
201
202
203
204
205
206
208
209
210
211
212
213
214
215
216
217
218
219
220
221
222
223
224
225
226
227
228
229
230
231
232
233
234
235
236
237
238
239
240
241
242
243
244
245
246
247
248
249
250
251
252
253
254
255
256
257
258
259
260
261
262
263
264
265
266
267
268
269
270
271
272
273
274
275
276
277
278
279
280
281
282
283
284
285
286
287
288
289
290
291
292
293
294
295
296
297
298
299
300
301
302
303
304
305
306
307
308
309
310
311
312
313
314
315
316
317
318
319
320
321
322
323
324
325
326
327
328
329
330
331
332
333
334
335
336
337
338
339
340
341
342
343
344
345
346
347
348
349
350
351
352
353
354
355
356
357
358
359
360
361
362
363
364
365
366
367
368
369
370
371
372
373
374
375
376
377
378
379
380
381
382
383
384
385
386
387
388
389
390
391
392
393
394
395
396
397
398
399
400
401
402
403
404
405
406
407
408
409
410
411
412
413
414
415
416
417
418
419
420
421
422
423
424
425
426
427
428
429
430
431
432
433
434
435
436
437
438
439
440
441
442
443
444
445
446
447
448
449
450
451
452
453
454
455
456
457
458
459
460
461
462
463
464
465
466
467
468
469
470
471
472
473
474
475
476
477
478
479
480
481
482
483
484
485
486
487
488
489
490
491
492
493
523
541
542
554
571
572
588
589
591
592
599
608
615
628
631
634
641
647
648
651
658
660
662
664
674
678
679
683
685
686
689
690
696
697
701
702
706
707
709
710
717
719
727
728
729
731
732
734
739
743
744
745
750
758
759
760
761
763
764
771
772
777
778
788
789
790
792
793
794
797
798
803
813
814
816
819
820
826
829
830
836
843
846
848
849
852
857
860
862
863
867
868
871
873
875
876
880
881
882
883
888
889
890
891
892
896
899
905
909
911
915
916
917
918
920
921
922
924
925
927
928
929
931
932
933
934
935
936
937
938
940
941
943
945
946
948
950
952
955
956
957
959
960
962
967
968
982
983
985
987
988
995
996
998
999
1001
1002
1009
1011
1014
1019
1022
1026
1029
1031
1033
1035
1036
1037
1038
1039
1040
1044
1046
1047
1049
1050
1052
1054
1055
1057
1058
1059
1062
1064
1066
1067
1068
1069
1077
1079
1081
1084
1085
1087
1088
1092
1095
1097
1098
1100
1103
1104
1107
1108
1112
1113
1115
1116
1119
1120
1122
1125
1127
1128
1130
1137
1139
1141
1147
1150
1151
1152
1155
1157
1162
1165
1167
1173
1175
1176
1180
1181
1182
1185
1187
1188
1189
1193
1195
1197
1198
1199
1200
1203
1204
1206
1207
1211
1212
1213
1216
1218
1219
1221
1222
1225
1226
1227
1228
1231
1232
1233
1234
1235
1238
1240
1241
1242
1243
1245
1246
1247
1248
1249
1252
1253
1259
1260
1261
1266
1268
1270
1271
1272
1273
1274
1279
1284
1287
1291
1297
1300
1301
1304
1305
1306
1310
1311
1312
1313
1315
1316
1317
1318
1319
1320
1321
1323
1324
1325
1326
1327
1328
1329
1330
1332
1333
1334
1336
1337
1341
1342
1344
1347
1349
1350
1351
1355
1357
1358
1359
1360
1361
1362
1367
1369
1371
1372
1377
1378
1380
1381
1382
1383
1384
1394
1395
1396
1397
1400
1402
1403
1405
1409
1410
1413
1414
1417
1421
1422
1423
1426
1427
1428
1429
1430
1432
1433
1434
1435
1436
1438
1441
1442
1445
1446
1450
1452
1453
1459
1462
1464
1466
1467
1468
1469
1470
1471
1474
1475
1481
1482
1483
1484
1485
1486
1487
1490
1495
1497
1498
1499
1501
1506
1510
1511
1512
1513
1515
1517
1521
1522
1524
1529
1532
1533
1539
1541
1542
1543
1544
1545
1549
1554
1556
1557
1558
1559
1560
1561
1563
1566
1568
1572
1575
1576
1577
1578
1582
1585
1592
1593
1596
1597
1598
1600
1605
1608
1609
1611
1612
1613
1615
1616
1617
1620
1621
1622
1625
1627
1628
1629
1631
1632
1633
1634
1636
1639
1640
1641
1642
1644
1647
1648
1649
1650
1654
1656
1658
1661
1664
1665
1666
1667
1669
1671
1672
1673
1675
1678
1681
1685
1686
1687
1688
1690
1691
1693
1696
1697
1703
1704
1709
1710
1711
1713
1715
1716
1720
1723
1725
1726
1727
1728
1729
1730
1731
1732
1735
1736
1737
1739
1741
1742
1743
1744
1746
1747
1748
1750
1752
1753
1754
1758
1760
1761
1764
1766
1767
1770
1772
1776
1777
1784
1785
1789
1790
1792
1794
1795
1796
1798
1802
1803
1809
1810
1812
1814
1815
1817
1818
1819
1820
1821
1823
1824
1825
1827
1828
1829
1832
1835
1837
1838
1839
1840
1841
1842
1849
1850
1851
1853
1856
1857
1858
1860
1862
1863
1864
1866
1870
1871
1875
1876
1878
1880
1881
1885
1889
1892
1893
1898
1901
1905
1906
1907
1910
1912
1914
1915
1916
1919
1922
1923
1924
1925
1926
1928
1931
1934
1937
1939
1943
1945
1946
1947
1953
1955
1957
1959
1960
1961
1962
1963
1964
1968
1970
1971
1976
1978
1979
1980
1981
1983
1985
1986
1990
1991
1992
1993
1994
2000
2001
2004
2006
2007
2008
2009
2010
2012
2013
2015
2017
2019
2022
2023
2024
2026
2029
2031
2032
2037
2038
2042
2044
2046
2047
2048
2049
2051
2052
2053
2054
2057
2058
2059
2062
2070
2075
2076
2077
2079
2081
2082
2083
2089
2090
2093
2095
2096
2097
2099
2102
2103
2105
2106
2107
2110
2112
2114
2115
2116
2117
2118
2119
2120
2122
2125
2126
2127
2128
2130
2131
2133
2134
2136
2137
2140
2141
2146
2150
2151
2152
2153
2155
2156
2158
2159
2161
2162
2163
2166
2167
2169
2170
2175
2183
2185
2186
2187
2188
2189
2190
2191
2193
2194
2197
2200
2206
2207
2208
2210
2211
2213
2215
2216
2218
2220
2221
2223
2224
2226
2227
2230
2231
2233
2236
2237
2239
2241
2243
2244
2245
2248
2249
2250
2251
2252
2254
2257
2259
2262
2271
2272
2273
2275
2276
2277
2278
2284
2285
2286
2287
2288
2290
2291
2295
2296
2298
2300
2304
2306
2309
2310
2314
2315
2316
2318
2319
2322
2323
2329
2331
2332
2333
2334
2336
2340
2345
2346
2347
2348
2349
2355
2356
2358
2359
2360
2361
2362
2363
2365
2366
2367
2368
2369
2376
2377
2379
2380
2381
2382
2384
2385
2386
2387
2388
2392
2396
2397
2398
2399
2402
2403
2405
2406
2409
2410
2412
2414
2415
2417
2418
2420
2421
2422
2423
2424
2428
2429
2431
2435
2437
2438
2439
2442
2443
2445
2446
2447
2449
2452
2453
2458
2459
2461
2463
2464
2465
2467
2468
2469
2472
2475
2476
2477
2481
2484
2485
2486
2488
2489
2493
2494
2496
2498
2502
2503
2504
2505
2506
2508
2510
2511
2512
2513
2515
2516
2518
2520
2521
2522
2524
2525
2526
2527
2528
2530
2531
2532
2533
2534
2535
2537
2538
2539
2545
2547
2548
2549
2553
2554
2556
2559
2560
2562
2564
2565
2567
2569
2570
2571
2572
2573
2575
2576
2577
2580
2581
2582
2584
2589
2592
2594
2596
2600
2602
2603
2605
2607
2610
2614
2615
2616
2618
2620
2623
2625
2626
2627
2628
2629
2632
2635
2636
2637
2641
2645
2647
2648
2650
2652
2654
2655
2659
2660
2664
2665
2666
2667
2669
2670
2671
2672
2673
2676
2680
2681
2682
2684
2685
2686
2687
2688
2691
2695
2696
2698
2700
2701
2702
2703
2704
2705
2706
2710
2712
2713
2714
2715
2716
2718
2719
2720
2722
2723
2724
2725
2726
2728
2733
2734
2736
2738
2739
2741
2743
2745
2747
2749
2750
2751
2753
2755
2756
2758
2759
2762
2764
2765
2766
2767
2769
2770
2771
2772
2773
2774
2775
2776
2777
2781
2783
2784
2785
2789
2790
2792
2795
2796
2798
2799
2800
2801
2804
2806
2808
2809
2813
2814
2815
2816
2817
2821
2823
2825
2826
2828
2829
2830
2832
2833
2835
2837
2838
2839
2840
2841
2842
2845
2848
2851
2852
2853
2856
2858
2860
2862
2863
2867
2868
2869
2871
2873
2874
2875
2877
2878
2880
2884
2885
2889
2890
2892
2893
2894
2895
2896
2898
2899
2901
2902
2903
2905
2909
2910
2911
2912
2914
2915
2916
2919
2920
2922
2923
2924
2927
2931
2932
2933
2935
2936
2937
2938
2940
2941
2943
2944
2945
2946
2947
2950
2951
2954
2955
2957
2959
2960
2964
2965
2966
2967
2968
2969
2971
2972
2973
2975
2976
2982
2983
2984
2985
2987
2988
2989
2990
2991
2992
2993
2994
2995
2997
2999
3000
3001
3003
3005
3007
3009
3010
3011
3012
3013
3015
3017
3020
3021
3022
3023
3024
3025
3027
3030
3031
3032
3033
3036
3037
3039
3040
3042
3044
3045
3046
3047
3049
3052
3053
3054
3057
3058
3060
3062
3064
3066
3067
3069
3071
3074
3076
3077
3080
3081
3082
3083
3084
3085
3086
3087
3088
3089
3090
3094
3095
3096
3098
3099
3100
3101
3102
3105
3106
3108
3109
3110
3111
3114
3115
3116
3118
3122
3125
3126
3127
3128
3129
3130
3132
3133
3134
3137
3139
3140
3142
3145
3146
3147
3150
3151
3152
3154
3155
3156
3157
3159
3160
3162
3163
3166
3167
3168
3169
3170
3172
3175
3176
3177
3179
3180
3181
3183
3184
3186
3190
3191
3193
3194
3197
3200
3201
3203
3206
3208
3211
3212
3214
3215
3216
3219
3220
3222
3226
3227
3228
3229
3230
3231
3232
3233
3234
3235
3236
3237
3238
3239
3240
3242
3244
3247
3248
3249
3251
3252
3256
3257
3259
3263
3264
3266
3268
3270
3271
3272
3273
3276
3277
3279
3280
3281
3285
3286
3288
3289
3290
3293
3296
3297
3299
3300
3301
3302
3304
3306
3307
3308
3309
3310
3311
3312
3313
3315
3317
3318
3320
3322
3326
3327
3329
3330
3332
3333
3335
3337
3338
3339
3340
3341
3344
3346
3347
3348
3349
3351
3356
3358
3362
3365
3367
3368
3369
3373
3375
3376
3377
3379
3381
3382
3383
3385
3386
3388
3389
3390
3391
3394
3395
3396
3400
3403
3409
3410
3411
3412
3414
3415
3417
3420
3422
3424
3427
3428
3429
3430
3434
3436
3437
3438
3440
3441
3443
3446
3447
3450
3451
3452
3454
3455
3457
3458
3459
3460
3461
3462
3467
3468
3470
3471
3474
3475
3476
3478
3481
3483
3486
3488
3489
3491
3492
3501
3504
3505
3506
3509
3512
3513
3514
3515
3517
3518
3519
3521
3522
3524
3525
3526
3528
3529
3531
3533
3534
3535
3536
3537
3542
3543
3544
3545
3547
3551
3552
3554
3555
3556
3557
3559
3560
3561
3562
3563
3564
3565
3566
3568
3569
3570
3573
3575
3576
3578
3580
3581
3583
3584
3585
3587
3588
3589
3591
3592
3593
3594
3596
3597
3598
3599
3601
3602
3604
3605
3607
3608
3609
3610
3611
3612
3613
3614
3615
3616
3619
3621
3623
3625
3628
3630
3631
3632
3633
3634
3639
3641
3642
3644
3646
3648
3650
3652
3655
3659
3663
3664
3665
3666
3669
3672
3674
3675
3676
3680
3681
3682
3683
3685
3686
3687
3688
3690
3691
3692
3693
3696
3698
3699
3700
3702
3703
3704
3709
3712
3714
3716
3720
3721
3722
3724
3726
3728
3734
3737
3741
3745
3747
3748
3751
3754
3757
3758
3760
3764
3765
3766
3769
3772
3775
3776
3777
3779
3780
3781
3783
3786
3787
3789
3791
3793
3795
3799
3802
3803
3804
3806
3807
3808
3809
3811
3812
3813
3814
3815
3816
3817
3818
3819
3820
3827
3828
3829
3830
3832
3835
3836
3837
3838
3839
3840
3844
3846
3848
3850
3851
3854
3855
3857
3860
3862
3864
3865
3868
3870
3871
3872
3875
3876
3878
3879
3880
3881
3882
3884
3886
3887
3888
3891
3893
3894
3895
3897
3899
3900
3902
3903
3905
3907
3908
3911
3913
3915
3916
3918
3920
3923
3924
3925
3926
3928
3929
3933
3934
3935
3936
3937
3939
3940
3941
3942
3944
3945
3948
3950
3953
3954
3960
3961
3963
3964
3965
3966
3968
3969
3971
3973
3976
3977
3979
3982
3983
3984
3985
3986
3987
3989
3990
3992
3994
3995
3998
4001
4003
4004
4007
4010
4013
4014
4015
4016
4017
4018
4019
4021
4023
4025
4026
4027
4028
4029
4031
4032
4034
4035
4037
4039
4042
4046
4047
4048
4050
4051
4052
4053
4054
4055
4056
4057
4058
4061
4062
4064
4066
4067
4069
4072
4073
4074
4079
4081
4082
4084
4086
4089
4090
4091
4093
4095
4096
4097
4098
4099
4101
4103
4104
4105
4107
4109
4111
4118
4119
4120
4121
4123
4124
4125
4126
4129
4132
4134
4136
4137
4138
4139
4141
4142
4143
4145
4147
4148
4149
4154
4155
4156
4157
4159
4160
4161
4162
4163
4164
4165
4166
4168
4169
4173
4174
4175
4177
4178
4183
4188
4189
4190
4193
4194
4195
4197
4198
4201
4202
4203
4205
4207
4208
4213
4214
4215
4216
4219
4220
4221
4224
4226
4228
4229
4230
4231
4232
4233
4234
4235
4236
4237
4238
4244
4245
4246
4252
4254
4255
4259
4262
4263
4264
4267
4268
4269
4270
4271
4272
4273
4274
4276
4277
4279
4280
4281
4282
4283
4284
4285
4286
4289
4291
4293
4294
4295
4297
4298
4302
4303
4304
4306
4307
4309
4311
4312
4315
4316
4318
4320
4321
4327
4328
4329
4331
4332
4334
4336
4337
4343
4344
4345
4346
4347
4349
4352
4353
4355
4356
4358
4359
4362
4363
4364
4365
4366
4367
4369
4370
4371
4372
4374
4378
4379
4380
4381
4382
4384
4385
4386
4388
4390
4391
4394
4395
4397
4399
4401
4404
4405
4408
4409
4410
4411
4412
4413
4416
4417
4418
4421
4422
4425
4426
4427
4431
4434
4435
4436
4437
4438
4439
4440
4441
4442
4443
4444
4449
4450
4451
4452
4455
4456
4457
4460
4462
4465
4466
4467
4468
4469
4472
4473
4475
4477
4478
4479
4480
4483
4484
4485
4486
4488
4489
4492
4493
4494
4495
4496
4497
4498
4499
4500
4501
4504
4505
4507
4509
4510
4511
4513
4514
4516
4517
4519
4520
4522
4523
4524
4525
4527
4528
4529
4530
4531
4534
4536
4537
4538
4541
4543
4544
4545
4546
4548
4549
4550
4552
4553
4555
4558
4559
4562
4564
4566
4569
4570
4571
4572
4573
4574
4575
4577
4579
4580
4581
4584
4585
4586
4588
4589
4590
4591
4593
4594
4597
4598
4599
4600
4603
4607
4608
4609
4612
4613
4616
4617
4618
4619
4620
4621
4622
4623
4625
4626
4627
4628
4631
4632
4633
4634
4635
4637
4638
4639
4640
4641
4642
4644
4645
4648
4650
4651
4653
4656
4658
4659
4663
4665
4666
4668
4669
4670
4672
4673
4675
4676
4677
4678
4679
4680
4683
4684
4685
4686
4687
4689
4690
4692
4694
4696
4697
4700
4701
4702
4703
4704
4705
4707
4712
4717
4718
4723
4724
4725
4726
4727
4729
4730
4732
4734
4737
4738
4739
4741
4742
4743
4746
4747
4748
4750
4751
4752
4753
4754
4756
4757
4758
4759
4760
4761
4763
4765
4766
4767
4768
4770
4772
4774
4775
4777
4778
4779
4780
4783
4787
4788
4789
4790
4791
4793
4794
4797
4798
4799
4800
4801
4802
4804
4805
4807
4808
4810
4811
4812
4814
4816
4817
4821
4822
4823
4824
4825
4826
4827
4828
4829
4831
4832
4834
4835
4836
4837
4838
4839
4840
4841
4843
4844
4845
4846
4847
4848
4851
4852
4853
4854
4857
4858
4860
4862
4863
4869
4871
4872
4877
4878
4879
4880
4887
4892
4894
4895
4897
4898
4900
4902
4904
4905
4908
4909
4910
4914
4915
4917
4919
4922
4924
4927
4929
4930
4931
4932
4933
4935
4937
4938
4941
4942
4944
4946
4947
4948
4950
4951
4952
4953
4955
4956
4958
4960
4962
4963
4964
4965
4967
4969
4971
4972
4975
4976
4978
4979
4980
4982
4983
4984
4985
4986
4989
4990
4992
4993
4994
4995
4997
4998
4999
5000
5002
5003
5004
5005
5007
5008
5009
5010
5014
5015
5016
5018
5019
5020
5023
5024
5027
5029
5030
5031
5033
5035
5036
5037
5038
5040
5041
5042
5043
5045
5046
5047
5048
5049
5050
5051
5053
5054
5055
5060
5061
5063
5064
5066
5067
5068
5069
5070
5071
5073
5075
5076
5077
5078
5079
5080
5081
5083
5084
5085
5086
5087
5090
5091
5092
5095
5100
5102
5104
5105
5107
5108
5109
5110
5112
5114
5115
5116
5118
5119
5120
5123
5126
5130
5134
5136
5137
5138
5144
5145
5146
5148
5152
5153
5155
5156
5157
5159
5160
5161
5162
5163
5164
5165
5169
5170
5171
5172
5174
5175
5176
5177
5178
5179
5182
5184
5186
5187
5188
5189
5190
5193
5195
5196
5197
5198
5199
5200
5202
5204
5207
5208
5209
5212
5214
5216
5217
5218
5219
5220
5222
5223
5224
5230
5231
5232
5234
5236
5237
5239
5240
5241
5242
5243
5244
5246
5247
5248
5251
5253
5255
5256
5257
5258
5259
5260
5263
5264
5266
5269
5270
5272
5274
5275
5276
5277
5279
5283
5286
5287
5288
5289
5290
5291
5292
5293
5294
5295
5297
5298
5299
5300
5301
5302
5303
5304
5305
5306
5307
5308
5309
5310
5311
5316
5317
5318
5319
5320
5321
5322
5323
5326
5328
5329
5331
5332
5334
5336
5337
5338
5339
5340
5341
5342
5343
5345
5351
5352
5353
5355
5356
5358
5359
5360
5361
5362
5363
5364
5366
5369
5371
5372
5373
5374
5376
5377
5379
5380
5381
5382
5386
5388
5389
5390
5391
5392
5394
5395
5397
5398
5400
5401
5403
5406
5408
5409
5410
5412
5413
5414
5419
5423
5424
5425
5426
5429
5430
5432
5435
5436
5437
5438
5443
5446
5448
5449
5451
5452
5454
5458
5459
5460
5461
5465
5468
5470
5472
5473
5474
5476
5477
5479
5480
5481
5484
5485
5486
5488
5489
5491
5493
5494
5496
5497
5499
5500
5501
5502
5506
5509
5511
5512
5513
5514
5516
5517
5518
5519
5520
5522
5523
5525
5526
5529
5530
5531
5533
5534
5537
5539
5541
5544
5545
5546
5547
5550
5551
5553
5554
5555
5556
5558
5560
5563
5564
5568
5570
5572
5573
5574
5578
5579
5580
5581
5582
5584
5589
5591
5592
5593
5594
5595
5598
5599
5601
5604
5605
5606
5607
5608
5609
5611
5613
5614
5616
5617
5619
5620
5621
5623
5624
5625
5626
5627
5629
5630
5631
5632
5634
5635
5636
5637
5638
5639
5643
5645
5647
5648
5649
5650
5651
5652
5653
5655
5656
5657
5658
5662
5664
5665
5666
5667
5669
5670
5674
5675
5677
5678
5679
5680
5681
5682
5684
5685
5687
5688
5689
5691
5692
5693
5694
5696
5698
5701
5703
5704
5706
5707
5709
5711
5713
5714
5717
5719
5720
5722
5723
5725
5726
5728
5730
5731
5732
5733
5735
5736
5737
5740
5741
5744
5746
5747
5748
5750
5752
5753
5755
5757
5758
5759
5761
5762
5763
5764
5765
5767
5768
5769
5770
5771
5772
5775
5778
5779
5781
5782
5784
5785
5786
5787
5788
5789
5790
5793
5794
5795
5796
5797
5798
5799
5800
5801
5804
5805
5806
5807
5808
5810
5812
5814
5815
5816
5817
5818
5819
5820
5821
5823
5824
5826
5828
5831
5832
5834
5835
5836
5837
5838
5839
5842
5844
5845
5847
5848
5849
5850
5852
5854
5855
5857
5858
5859
5860
5861
5863
5864
5865
5866
5867
5868
5869
5870
5871
5874
5875
5876
5877
5878
5880
5881
5882
5883
5885
5887
5888
5891
5892
5893
5894
5895
5897
5898
5900
5901
5902
5903
5907
5910
5912
5913
5914
5915
5916
5917
5918
5919
5921
5922
5923
5925
5926
5927
5928
5930
5931
5934
5935
5936
5937
5938
5940
5942
5943
5945
5946
5947
5948
5949
5951
5952
5954
5955
5956
5958
5961
5963
5964
5965
5966
5967
5968
5969
5970
5971
5972
5974
5975
5976
5977
5979
5980
5981
5982
5983
5984
5986
5987
5988
5989
5991
5992
5993
5994
5995
5996
5998
5999
6000
6001
6002
6003
6004
6006
6008
6009
6011
6012
6014
6015
6016
6017
6018
6019
6020
6021
6023
6024
6026
6028
6030
6031
6032
6034
6037
6038
6039
6040
6041
6042
6043
6044
6045
6046
6048
6050
6051
6052
6053
6055
6056
6057
6058
6059
6062
6065
6066
6067
6068
6069
6070
6071
6072
6074
6080
6085
6086
6087
6088
6089
6090
6091
6093
6094
6096
6098
6099
