198
348
256
13
1510
285
2972
64700
220
279
11
262
63
25
264
321
17
271
16
318
2014
53983
4886
6607
32671
553
7561
310
27653
314
364
18
1330
7167
16954
1528
1970
51595
16525
2425
7465
421
4203
309
3286
6813
2894
7193
10419
10804
15796
30800
579
1817
7047
8160
11177
62366
930
1782
3780
5927
5952
79091
357
524
19
1411
13365
539
47801
3766
27718
476
41643
2450
8
4987
43143
26895
2887
6065
9988
57201
12683
20920
6157
8222
332
363
25897
369
594
709
21
42181
413
328
5003
5568
9299
20
3050
23
485
763
69
84
440
681
5536
24293
5019
8556
57208
466
1968
31789
1368
886
1401
24643
25716
449
1049
1652
5434
30895
30918
15
82
2561
5305
6743
21609
52434
29
281
513
736
3759
43112
7
77
1288
4523
17355
19860
71516
64
1771
24056
303
894
1744
2250
2424
3353
4424
7800
8114
11648
12162
12164
1
67
487
1349
2334
2374
6256
13873
15511
37539
52965
286
353
383
494
560
3054
3378
13808
313
424
869
914
1144
1459
1802
1911
2291
2372
2721
6199
9753
11488
15167
16947
31169
50490
34
517
561
2009
4935
5500
6941
7813
14170
15411
44577
51515
52954
61738
12
27
38
942
2031
4322
5173
17679
32133
33682
38795
14
76
79
471
697
1064
1141
3130
3928
4283
5016
5396
5915
6570
9392
10083
10985
11245
14261
24531
42272
44587
69350
6
39
53
68
85
430
585
913
980
999
1203
1407
1824
2270
2448
3847
5639
5752
6907
8016
8771
9253
9731
12119
12624
15394
22464
22838
25257
44646
52451
53337
66514
60
80
316
333
592
815
832
974
1061
1083
1089
1469
1502
1608
1752
2168
2957
3330
4129
4364
5409
5604
5917
6066
6767
6847
7501
8958
12309
13280
15146
15217
16815
31084
40819
50132
59365
66320
73709
83849
89305
89649
26
35
83
258
269
381
587
591
683
737
788
799
851
1040
1048
1094
1156
1445
1472
1764
1954
2007
2117
2267
2387
2663
2931
2945
3579
4222
4422
4431
4471
5010
5070
5495
5686
6182
6966
7873
8003
8695
10033
10474
12277
13310
14145
17272
18708
19584
20471
20759
21753
24300
27600
34602
40351
41973
82979
90410
0
5
9
65
70
72
398
723
803
840
889
902
919
973
1056
1118
1132
1159
1267
1324
1331
1412
1428
1706
1857
1881
1916
2072
2135
2193
2551
2554
2598
2623
2943
2997
3018
3059
3078
3079
3163
3443
3721
3799
4100
4207
4368
4536
4560
4598
4831
5151
5208
5439
5854
6343
6587
7073
8428
8489
8915
8984
9889
9966
9974
10229
10350
10630
10673
11607
14327
14508
14813
14933
15771
17384
17673
18549
18827
19754
20113
21050
24407
26483
28647
29152
29351
29683
33532
33893
36363
38622
50441
50642
51215
53269
53294
54529
54677
56792
58532
59348
71376
73234
90899
22
45
50
51
62
66
87
88
267
283
287
293
294
306
427
436
470
478
506
605
606
608
643
648
694
739
804
813
900
917
1043
1140
1151
1186
1193
1242
1266
1334
1558
1619
1620
1654
1756
1785
1905
1948
2078
2107
2129
2155
2173
2272
2423
2564
2581
2602
2639
2646
3035
3042
3052
3147
3158
3219
3449
3521
3620
3817
3892
3926
3930
4119
4147
4185
4193
4528
4566
4744
4754
4779
4805
4816
4874
5090
5165
5262
5404
5411
5790
5945
6044
6297
6406
6466
6515
6681
6817
7062
7101
7310
7376
7402
7714
7807
7941
8068
8311
8340
8469
9020
9082
9189
9321
9373
9761
10029
10234
10398
10525
10535
11065
11302
11352
12165
12448
12571
13042
13102
13385
13725
14098
14166
14215
14335
14837
15395
15622
15702
15759
15907
16086
16307
16451
16529
16761
16864
17538
18484
20153
21186
21222
22116
22166
22327
23477
23735
23819
23825
25885
26482
27227
27437
27896
30368
31589
34163
34558
37606
38800
39330
39852
41042
41832
42116
42903
43016
45481
45943
46693
48741
50216
51579
53082
53678
54802
55157
57833
58036
59187
59843
61620
62695
65526
68434
70338
70760
70883
70932
74648
75275
78322
85870
87579
89759
90700
94466
94614
30
32
44
49
81
89
91
92
265
272
277
284
290
299
307
326
350
382
385
389
403
423
447
463
473
486
516
569
593
620
625
716
730
741
765
778
795
805
809
830
854
867
898
926
931
951
989
1006
1010
1026
1077
1088
1102
1104
1217
1224
1228
1245
1250
1257
1393
1425
1429
1473
1483
1484
1515
1562
1644
1669
1681
1684
1719
1757
1797
1818
1820
1876
1879
1891
1927
1958
1960
1993
2011
2018
2036
2109
2128
2139
2171
2233
2323
2388
2394
2446
2468
2484
2487
2506
2541
2559
2610
2683
2785
2879
2902
2914
2932
2998
3019
3074
3101
3134
3221
3231
3256
3357
3376
3384
3456
3481
3524
3545
3586
3627
3645
3689
3855
3889
3960
4075
4109
4370
4380
4416
4417
4480
4493
4613
4702
4775
4873
5115
5215
5255
5308
5406
5483
5638
5789
5792
5936
6126
6450
6463
6513
6526
6701
6768
6892
7025
7038
7044
7260
7308
7545
7620
7976
7980
8207
8359
8390
8471
8563
8589
8746
8873
8914
9037
9088
9143
9226
9263
9363
9504
9675
9705
9890
9976
10004
10056
10223
10238
10257
10311
10424
10573
10824
10895
10907
10912
10930
11021
11134
11407
11429
11484
11510
11618
11870
11930
11988
12219
12317
12366
12606
12846
12876
12932
12942
12966
13053
13101
13391
13429
13661
13664
13669
13784
14040
14226
14311
14523
14525
14626
14706
14783
14803
14822
15089
15328
15401
15594
15627
15992
16327
16401
16456
16699
16912
17145
17274
17482
17593
17901
18164
18173
18288
18411
18817
19028
19152
19913
20209
20245
20335
20500
20942
21349
21460
21966
21974
22076
22405
22645
23197
23429
23559
23566
23804
24067
24173
24344
24401
24566
24628
24921
25017
25018
25204
25471
25953
25958
26206
26308
26404
26608
27320
27767
28097
28112
28243
28317
29106
29207
29369
29371
29407
30183
30508
31271
31637
31670
32365
33030
33652
33735
34071
34315
34755
35232
35778
35819
36347
36369
36526
36951
37331
37592
37793
39048
39834
40112
40909
40912
42728
43265
43280
43565
44975
45697
45838
46303
47029
47438
47733
48401
48459
49763
49878
49940
49991
51535
51748
53061
57814
59628
60738
60861
61571
62065
62778
63299
63636
63757
63818
63979
65831
66757
68396
69273
69892
71877
72036
72185
72451
73211
73399
74082
75463
76698
78282
78370
79604
80823
81726
82646
83553
84727
85769
87139
87554
87606
92288
95527
95680
174952
188912
37
42
43
47
57
71
74
86
266
276
288
292
295
304
331
343
351
361
367
372
374
380
393
408
409
411
414
416
426
428
443
446
462
469
498
503
508
518
528
529
552
580
622
629
631
632
652
653
674
679
680
682
686
724
745
753
770
785
789
814
816
835
836
847
860
864
871
874
884
888
892
899
905
927
936
943
948
952
1011
1014
1027
1054
1058
1060
1062
1063
1066
1076
1092
1097
1103
1124
1126
1145
1174
1179
1188
1196
1200
1209
1212
1238
1255
1261
1262
1301
1307
1315
1321
1326
1332
1361
1365
1390
1414
1436
1463
1487
1501
1518
1532
1542
1555
1560
1576
1581
1582
1617
1630
1634
1667
1670
1673
1674
1716
1732
1737
1745
1754
1783
1788
1799
1822
1856
1860
1866
1888
1901
1902
1957
2002
2017
2020
2048
2054
2085
2094
2100
2123
2124
2136
2138
2144
2153
2170
2200
2234
2248
2255
2261
2306
2309
2311
2315
2316
2353
2356
2432
2434
2441
2456
2482
2516
2536
2538
2574
2575
2582
2594
2629
2673
2674
2691
2695
2703
2715
2716
2774
2784
2793
2797
2801
2803
2850
2876
2880
2892
2911
2929
2937
2978
2984
2993
3008
3025
3051
3065
3069
3075
3108
3127
3165
3174
3214
3301
3336
3354
3369
3429
3437
3439
3491
3492
3508
3533
3535
3549
3554
3595
3611
3621
3646
3654
3655
3668
3669
3677
3683
3703
3727
3728
3771
3778
3790
3795
3798
3806
3856
3860
3921
3942
3946
4036
4068
4104
4139
4206
4220
4237
4244
4255
4261
4281
4286
4293
4344
4384
4434
4447
4451
4490
4546
4563
4603
4619
4671
4680
4688
4748
4749
4759
4763
4810
4868
4881
4937
4941
4942
4947
4956
5000
5022
5037
5041
5074
5128
5157
5164
5187
5198
5199
5235
5263
5265
5306
5335
5399
5423
5458
5469
5473
5488
5533
5564
5634
5646
5743
5751
5759
5778
5853
5860
5861
5868
5878
5893
5906
5920
5928
5933
5939
5943
5972
6000
6009
6018
6025
6047
6136
6166
6180
6198
6212
6228
6282
6295
6330
6347
6363
6397
6522
6536
6576
6609
6641
6677
6702
6737
6741
6751
6781
6826
6857
6891
6957
6976
6982
6999
7072
7075
7092
7095
7142
7230
7255
7262
7267
7289
7349
7359
7374
7379
7455
7652
7678
7701
7703
7797
7875
7888
7911
7994
8038
8046
8060
8103
8172
8187
8211
8213
8242
8378
8385
8387
8452
8466
8499
8566
8570
8692
8796
8931
8972
8978
8989
9107
9125
9167
9176
9191
9192
9284
9307
9319
9327
9410
9445
9584
9596
9628
9640
9663
9665
9679
9714
9724
9730
9766
9770
9787
9801
9848
9868
9944
9956
10027
10079
10116
10121
10220
10269
10272
10286
10310
10313
10314
10361
10374
10378
10497
10642
10672
10743
10806
10889
10993
11033
11073
11096
11104
11106
11114
11159
11198
11253
11256
11258
11311
11318
11396
11414
11504
11665
11811
11823
11835
11895
11940
11948
11969
11993
11999
12017
12034
12051
12176
12195
12204
12316
12358
12370
12556
12576
12621
12748
12755
12849
12910
12965
13048
13064
13081
13086
13140
13200
13205
13259
13514
13525
13914
13923
13985
14095
14107
14157
14208
14266
14392
14503
14531
14629
14658
14663
14835
14890
14934
15040
15078
15129
15215
15339
15390
15422
15525
15546
15547
15574
15628
15789
15812
15840
15932
15999
16184
16236
16288
16350
16417
16547
16551
16573
16715
16809
16826
17077
17120
17155
17168
17189
17241
17311
17430
17462
17466
17467
17519
17571
17638
17652
17655
17748
17794
17872
17933
17978
18036
18139
18155
18233
18264
18290
18359
18381
18488
18533
18702
18725
18955
19100
19107
19130
19178
19190
19278
19335
19373
19389
19401
19424
19541
19570
19586
19739
19888
19936
20072
20167
20182
20348
20366
20382
20459
20545
20590
20629
20906
20908
20923
20952
21213
21285
21321
21343
21378
21557
21563
21568
21621
21676
21761
21773
21798
21812
21842
21850
21988
22236
22259
22355
22384
22433
22435
22512
22613
22671
22743
23214
23331
23571
23732
23830
23853
23967
24122
24197
24201
24242
24272
24285
24354
24546
24660
24676
24869
25225
25343
25371
25382
25393
25456
25591
25597
25681
25722
25857
25883
26289
26477
26521
26540
26569
27064
27197
27245
27289
27345
27584
27588
27724
28335
28427
28621
28627
28758
28767
28770
28985
29166
29456
29474
29542
29554
29804
29845
30123
30125
30224
30436
30561
30576
30836
30851
30883
30937
31010
31098
31446
31489
31572
31600
32328
32462
32631
32636
32675
32900
32916
33119
33341
33633
33639
33671
34098
34271
34327
34519
34797
34906
34952
35125
35196
35430
35590
35716
35920
36182
36839
36893
36979
37643
37693
37701
37722
37740
37754
38274
38377
38482
38593
38637
39286
39362
40503
40527
40569
40885
41125
41173
41179
41452
41490
41663
42279
42962
43260
43494
43509
43763
44231
44564
44572
44739
44844
45124
45161
45454
45637
46288
46930
48043
48213
48470
48507
49051
49142
49264
50124
50222
50285
50361
50506
50508
50725
50938
51333
51493
51586
51716
52043
52288
52707
52910
53757
53782
53843
54150
54157
54323
54350
54582
55000
55114
55120
55581
56764
57064
57316
57460
58381
58433
58469
58901
59521
59770
59930
59946
60277
60730
61802
62024
62259
62557
63199
64313
64460
64483
65013
65765
66034
66269
66299
66510
66756
66793
67521
68565
68572
68783
69262
69551
69695
69788
70309
70735
71432
71764
71952
73555
74235
74451
74768
74992
75303
75415
75544
75629
75740
75778
76238
76512
76622
76932
77209
77517
77564
78556
78636
78981
79062
80347
80427
80583
81539
81639
82207
82519
83830
83871
84824
85000
85186
85410
85544
85621
85871
87045
87740
88858
90027
90448
90881
91342
92217
92386
92814
92975
93615
94197
94385
94396
95095
95410
183063
218940
248046
2
3
4
10
24
28
31
33
36
40
41
46
48
52
54
55
56
58
59
61
73
75
78
90
93
94
95
96
97
98
99
100
101
102
103
104
105
106
107
108
109
110
111
112
113
114
115
116
117
118
119
120
121
122
123
124
125
126
127
128
129
130
131
132
133
134
135
136
137
138
139
140
141
142
143
144
145
146
147
148
149
150
151
152
153
154
155
156
157
158
159
160
161
162
163
164
165
166
167
168
169
170
171
172
173
174
175
176
177
178
179
180
181
182
183
184
185
186
187
188
189
190
191
192
193
194
195
196
197
199
200
201
202
203
204
205
206
207
208
209
210
211
212
213
214
215
216
217
218
219
221
222
223
224
225
226
227
228
229
230
231
232
233
234
235
236
237
238
239
240
241
242
243
244
245
246
247
248
249
250
251
252
253
254
255
257
259
260
261
263
268
270
273
274
275
278
280
282
289
291
296
297
298
300
301
302
305
308
311
312
315
317
319
320
322
323
324
325
327
329
330
334
335
336
337
338
339
340
341
342
344
345
346
347
349
352
354
355
356
358
359
360
362
365
366
368
370
371
373
375
376
377
378
379
384
386
387
388
390
391
392
394
395
396
397
399
400
401
402
404
405
406
407
410
412
415
417
418
419
420
422
425
429
431
432
433
434
435
437
438
439
441
442
444
445
448
450
451
452
453
454
455
456
457
458
459
460
461
464
465
467
468
472
474
475
477
479
480
481
482
483
484
488
489
490
491
492
493
495
496
497
499
500
501
502
504
505
507
509
510
511
512
514
515
519
520
521
522
523
525
526
527
530
531
532
533
534
535
536
537
538
540
541
542
543
544
545
546
547
548
549
550
551
554
555
556
557
558
559
562
563
564
565
566
567
568
570
571
572
573
574
575
576
577
578
581
582
583
584
586
588
589
590
595
596
597
598
599
600
601
602
603
604
607
609
610
611
612
613
614
615
616
617
618
619
621
623
624
626
627
628
630
633
634
635
636
637
638
639
640
641
642
644
645
646
647
649
650
651
654
655
656
657
658
659
660
661
662
663
664
665
666
667
668
669
670
671
672
673
675
676
677
678
684
685
687
688
689
690
691
692
693
695
696
698
699
700
701
702
703
704
705
706
707
708
710
711
712
713
714
715
717
718
719
720
721
722
725
726
727
728
729
731
732
733
734
735
738
740
742
743
744
746
747
748
749
750
751
752
754
755
756
757
758
759
760
761
762
764
766
767
768
769
771
772
773
774
775
776
777
779
780
781
782
783
784
786
787
790
791
792
793
794
796
797
798
800
801
802
806
807
808
810
811
812
817
818
819
820
821
822
823
824
825
826
827
828
829
831
833
834
837
838
839
841
842
843
844
845
846
848
849
850
852
853
855
856
857
858
859
861
862
863
865
866
868
870
872
873
875
876
877
878
879
880
881
882
883
885
887
890
891
893
895
896
897
901
903
904
906
907
908
909
910
911
912
915
916
918
920
921
922
923
924
925
928
929
932
933
934
935
937
938
939
940
941
944
945
946
947
949
950
953
954
955
956
957
958
959
960
961
962
963
964
965
966
967
968
969
970
971
972
975
976
977
978
979
981
982
983
984
985
986
987
988
990
991
992
993
994
995
996
997
998
1000
1001
1002
1003
1004
1005
1007
1008
1009
1012
1013
1015
1016
1017
1018
1019
1020
1021
1022
1023
1024
1025
1028
1029
1030
1031
1032
1033
1034
1035
1036
1037
1038
1039
1041
1042
1044
1045
1046
1047
1050
1051
1052
1053
1055
1057
1059
1065
1067
1068
1069
1070
1071
1072
1073
1074
1075
1078
1079
1080
1081
1082
1084
1085
1086
1087
1090
1091
1093
1095
1096
1098
1099
1100
1101
1105
1106
1107
1108
1109
1110
1111
1112
1113
1114
1115
1116
1117
1119
1120
1121
1122
1123
1125
1127
1128
1129
1130
1131
1133
1134
1135
1136
1137
1138
1139
1142
1143
1146
1147
1148
1149
1150
1152
1153
1154
1155
1157
1158
1160
1161
1162
1163
1164
1165
1166
1167
1168
1169
1170
1171
1172
1173
1175
1176
1177
1178
1180
1181
1182
1183
1184
1185
1187
1189
1190
1191
1192
1194
1195
1197
1198
1199
1201
1202
1204
1205
1206
1207
1208
1210
1211
1213
1214
1215
1216
1218
1219
1220
1221
1222
1223
1225
1226
1227
1229
1230
1231
1232
1233
1234
1235
1236
1237
1239
1240
1241
1243
1244
1246
1247
1248
1249
1251
1252
1253
1254
1256
1258
1259
1260
1263
1264
1265
1268
1269
1270
1271
1272
1273
1274
1275
1276
1277
1278
1279
1280
1281
1282
1283
1284
1285
1286
1287
1289
1290
1291
1292
1293
1294
1295
1296
1297
1298
1299
1300
1302
1303
1304
1305
1306
1308
1309
1310
1311
1312
1313
1314
1316
1317
1318
1319
1320
1322
1323
1325
1327
1328
1329
1333
1335
1336
1337
1338
1339
1340
1341
1342
1343
1344
1345
1346
1347
1348
1350
1351
1352
1353
1354
1355
1356
1357
1358
1359
1360
1362
1363
1364
1366
1367
1369
1370
1371
1372
1373
1374
1375
1376
1377
1378
1379
1380
1381
1382
1383
1384
1385
1386
1387
1388
1389
1391
1392
1394
1395
1396
1397
1398
1399
1400
1402
1403
1404
1405
1406
1408
1409
1410
1413
1415
1416
1417
1418
1419
1420
1421
1422
1423
1424
1426
1427
1430
1431
1432
1433
1434
1435
1437
1438
1439
1440
1441
1442
1443
1444
1446
1447
1448
1449
1450
1451
1452
1453
1454
1455
1456
1457
1458
1460
1461
1462
1464
1465
1466
1467
1468
1470
1471
1474
1475
1476
1477
1478
1479
1480
1481
1482
1485
1486
1488
1489
1490
1491
1492
1493
1494
1495
1496
1497
1498
1499
1500
1503
1504
1505
1506
1507
1508
1509
1511
1512
1513
1514
1516
1517
1519
1520
1521
1522
1523
1524
1525
1526
1527
1529
1530
1531
1533
1534
1535
1536
1537
1538
1539
1540
1541
1543
1544
1545
1546
1547
1548
1549
1550
1551
1552
1553
1554
1556
1557
1559
1561
1563
1564
1565
1566
1567
1568
1569
1570
1571
1572
1573
1574
1575
1577
1578
1579
1580
1583
1584
1585
1586
1587
1588
1589
1590
1591
1592
1593
1594
1595
1596
1597
1598
1599
1600
1601
1602
1603
1604
1605
1606
1607
1609
1610
1611
1612
1613
1614
1615
1616
1618
1621
1622
1623
1624
1625
1626
1627
1628
1629
1631
1632
1633
1635
1636
1637
1638
1639
1640
1641
1642
1643
1645
1646
1647
1648
1649
1650
1651
1653
1655
1656
1657
1658
1659
1660
1661
1662
1663
1664
1665
1666
1668
1671
1672
1675
1676
1677
1678
1679
1680
1682
1683
1685
1686
1687
1688
1689
1690
1691
1692
1693
1694
1695
1696
1697
1698
1699
1700
1701
1702
1703
1704
1705
1707
1708
1709
1710
1711
1712
1713
1714
1715
1717
1718
1720
1721
1722
1723
1724
1725
1726
1727
1728
1729
1730
1731
1733
1734
1735
1736
1738
1739
1740
1741
1742
1743
1746
1747
1748
1749
1750
1751
1753
1755
1758
1759
1760
1761
1762
1763
1765
1766
1767
1768
1769
1770
1772
1773
1774
1775
1776
1777
1778
1779
1780
1781
1784
1786
1787
1789
1790
1791
1792
1793
1794
1795
1796
1798
1800
1801
1803
1804
1805
1806
1807
1808
1809
1810
1811
1812
1813
1814
1815
1816
1819
1821
1823
1825
1826
1827
1828
1829
1830
1831
1832
1833
1834
1835
1836
1837
1838
1839
1840
1841
1842
1843
1844
1845
1846
1847
1848
1849
1850
1851
1852
1853
1854
1855
1858
1859
1861
1862
1863
1864
1865
1867
1868
1869
1870
1871
1872
1873
1874
1875
1877
1878
1880
1882
1883
1884
1885
1886
1887
1889
1890
1892
1893
1894
1895
1896
1897
1898
1899
1900
1903
1904
1906
1907
1908
1909
1910
1912
1913
1914
1915
1917
1918
1919
1920
1921
1922
1923
1924
1925
1926
1928
1929
1930
1931
1932
1933
1934
1935
1936
1937
1938
1939
1940
1941
1942
1943
1944
1945
1946
1947
1949
1950
1951
1952
1953
1955
1956
1959
1961
1962
1963
1964
1965
1966
1967
1969
1971
1972
1973
1974
1975
1976
1977
1978
1979
1980
1981
1982
1983
1984
1985
1986
1987
1988
1989
1990
1991
1992
1994
1995
1996
1997
1998
1999
2000
2001
2003
2004
2005
2006
2008
2010
2012
2013
2015
2016
2019
2021
2022
2023
2024
2025
2026
2027
2028
2029
2030
2032
2033
2034
2035
2037
2038
2039
2040
2041
2042
2043
2044
2045
2046
2047
2049
2050
2051
2052
2053
2055
2056
2057
2058
2059
2060
2061
2062
2063
2064
2065
2066
2067
2068
2069
2070
2071
2073
2074
2075
2076
2077
2079
2080
2081
2082
2083
2084
2086
2087
2088
2089
2090
2091
2092
2093
2095
2096
2097
2098
2099
2101
2102
2103
2104
2105
2106
2108
2110
2111
2112
2113
2114
2115
2116
2118
2119
2120
2121
2122
2125
2126
2127
2130
2131
2132
2133
2134
2137
2140
2141
2142
2143
2145
2146
2147
2148
2149
2150
2151
2152
2154
2156
2157
2158
2159
2160
2161
2162
2163
2164
2165
2166
2167
2169
2172
2174
2175
2176
2177
2178
2179
2180
2181
2182
2183
2184
2185
2186
2187
2188
2189
2190
2191
2192
2194
2195
2196
2197
2198
2199
2201
2202
2203
2204
2205
2206
2207
2208
2209
2210
2211
2212
2213
2214
2215
2216
2217
2218
2219
2220
2221
2222
2223
2224
2225
2226
2227
2228
2229
2230
2231
2232
2235
2236
2237
2238
2239
2240
2241
2242
2243
2244
2245
2246
2247
2249
2251
2252
2253
2254
2256
2257
2258
2259
2260
2262
2263
2264
2265
2266
2268
2269
2271
2273
2274
2275
2276
2277
2278
2279
2280
2281
2282
2283
2284
2285
2286
2287
2288
2289
2290
2292
2293
2294
2295
2296
2297
2298
2299
2300
2301
2302
2303
2304
2305
2307
2308
2310
2312
2313
2314
2317
2318
2319
2320
2321
2322
2324
2325
2326
2327
2328
2329
2330
2331
2332
2333
2335
2336
2337
2338
2339
2340
2341
2342
2343
2344
2345
2346
2347
2348
2349
2350
2351
2352
2354
2355
2357
2358
2359
2360
2361
2362
2363
2364
2365
2366
2367
2368
2369
2370
2371
2373
2375
2376
2377
2378
2379
2380
2381
2382
2383
2384
2385
2386
2389
2390
2391
2392
2393
2395
2396
2397
2398
2399
2400
2401
2402
2403
2404
2405
2406
2407
2408
2409
2410
2411
2412
2413
2414
2415
2416
2417
2418
2419
2420
2421
2422
2426
2427
2428
2429
2430
2431
2433
2435
2436
2437
2438
2439
2440
2442
2443
2444
2445
2447
2449
2451
2452
2453
2454
2455
2457
2458
2459
2460
2461
2462
2463
2464
2465
2466
2467
2469
2470
2471
2472
2473
2474
2475
2476
2477
2478
2479
2480
2481
2483
2485
2486
2488
2489
2490
2491
2492
2493
2494
2495
2496
2497
2498
2499
2500
2501
2502
2503
2504
2505
2507
2508
2509
2510
2511
2512
2513
2514
2515
2517
2518
2519
2520
2521
2522
2523
2524
2525
2526
2527
2528
2529
2530
2531
2532
2533
2534
2535
2537
2539
2540
2542
2543
2544
2545
2546
2547
2548
2549
2550
2552
2553
2555
2556
2557
2558
2560
2562
2563
2565
2566
2567
2568
2569
2570
2571
2572
2573
2576
2577
2578
2579
2580
2583
2584
2585
2586
2587
2588
2589
2590
2591
2592
2593
2595
2596
2597
2599
2600
2601
2603
2604
2605
2606
2607
2608
2609
2611
2612
