# qwen4_exp own-gen ranks	binary_sha256=99b04881d7350a8571b9b27ec5e15eb97585034e81fbcd06f6d81cbd2678dc37	ckpt=/home/ubuntu/data/q48fn-nvfp4	counted_tokens=93152	distinct=5538
# rank order: count desc, id asc on ties. Format: id<TAB>count
13	4495
11	3163
25	1716
30	1556
14235	1405
220	1365
198	1335
15	1180
310	979
6970	880
321	873
271	856
328	856
16	783
279	774
264	698
17	695
1144	541
303	533
12	522
364	497
413	486
16018	472
369	468
18	445
628	433
19	432
1	427
1156	424
381	408
440	405
20	404
424	386
471	380
524	369
4222	364
14	341
466	337
318	336
1165	335
26	327
1596	307
4087	293
2466	291
8	278
1921	276
694	264
23	257
21	256
314	256
24	254
781	248
488	246
421	239
579	237
914	232
10380	231
874	230
1534	230
353	229
494	225
383	223
283	216
1092	206
1510	206
593	202
1368	201
2972	200
1318	198
1542	196
3300	196
3158	189
1822	183
2193	183
6163	181
958	180
944	179
5707	179
10966	179
22916	175
262	171
506	168
1132	162
22	159
1910	158
728	157
1558	154
1716	151
6088	150
9066	150
2570	148
430	147
1970	138
332	137
567	137
599	135
7936	135
1622	132
2302	124
411	122
2830	121
1149	119
799	118
10562	115
539	114
63	113
478	112
12513	109
15865	109
561	108
1220	107
553	104
3817	103
2842	101
61446	101
15400	98
660	97
1754	97
256	96
1788	96
513	95
2528	94
22846	94
1103	92
3	91
1412	91
1752	91
4706	91
7167	91
1459	90
2640	90
1906	89
248069	89
393	87
883	87
6042	87
948	86
1238	85
4581	85
2977	84
28	83
1892	83
4523	83
6297	82
286	80
791	80
1179	80
1481	80
735	79
1137	79
10631	78
6558	77
449	76
491	76
5224	76
635	75
1690	75
3019	75
7054	75
1698	74
3108	73
4021	73
476	72
829	72
2552	72
3669	72
1049	71
2131	71
678	70
1228	70
8439	70
37972	70
9	69
313	69
1189	69
4393	69
709	68
1118	68
1438	68
10885	68
29	67
640	67
7014	67
15243	67
1683	66
2702	66
82	65
682	65
748	65
5099	65
19052	65
999	64
10033	64
1083	63
8313	63
28647	63
71093	62
281	61
585	61
1000	61
4416	61
5790	61
8106	61
8602	61
1870	59
3992	59
6587	59
615	58
768	58
2243	58
2873	58
1066	57
1362	57
2468	57
3555	57
19900	57
28320	57
1151	56
4757	56
7141	56
1010	55
2228	55
4779	55
6	54
878	54
2592	54
3502	54
9345	54
63520	54
4	53
83	53
357	53
803	53
1262	53
359	52
716	52
760	52
1411	52
2222	52
2426	52
5272	52
7561	52
7873	52
325	51
795	51
830	51
1328	51
1428	51
2420	51
2923	51
13682	51
72	50
285	50
1965	50
3421	50
9807	50
733	49
869	49
1048	49
2235	49
3418	49
9845	49
248046	49
257	48
275	48
913	48
1608	48
2136	48
3425	48
4125	48
4566	48
9764	48
21979	48
363	47
1040	47
1366	47
1817	47
1973	47
2000	47
4147	47
40	46
2397	46
3254	46
3447	46
4831	46
28336	46
34987	46
4713	45
16561	45
69	44
436	44
819	44
888	44
1381	44
1483	44
3145	44
3847	44
5545	44
5972	44
15683	44
16451	44
33	43
1332	43
1785	43
2313	43
4702	43
21297	43
641	42
2441	42
2526	42
4203	42
4238	42
5165	42
16823	42
460	41
586	41
1167	41
1521	41
2857	41
2962	41
3136	41
3274	41
4424	41
7154	41
12650	41
27784	41
42903	41
91	40
908	40
1503	40
1653	40
1724	40
1990	40
2548	40
21853	40
87	39
348	39
594	39
1330	39
1528	39
2612	39
3798	39
9584	39
9640	39
17872	39
23868	39
496	38
681	38
1590	38
1791	38
1968	38
2695	38
2725	38
9496	38
18598	38
30456	38
90410	38
62	37
417	37
1562	37
1876	37
2048	37
3110	37
4162	37
5813	37
7890	37
1331	36
1414	36
2493	36
2706	36
3172	36
4844	36
5997	36
6040	36
7497	36
9859	36
16401	36
32524	36
42418	36
290	35
2233	35
4563	35
5008	35
8057	35
44	34
685	34
784	34
2577	34
3404	34
4101	34
4884	34
5332	34
6149	34
7520	34
9861	34
13553	34
15227	34
2	33
1379	33
2083	33
2404	33
4821	33
8570	33
15615	33
60	32
76	32
668	32
710	32
836	32
976	32
1500	32
2756	32
3579	32
4548	32
6283	32
6326	32
6601	32
8213	32
11220	32
40693	32
44876	32
51860	32
71	31
434	31
816	31
821	31
1423	31
1660	31
1902	31
2915	31
4237	31
4866	31
5593	31
7123	31
9665	31
9787	31
15816	31
18817	31
18905	31
19457	31
32671	31
59492	31
80357	31
82170	31
79	30
81	30
343	30
2250	30
2600	30
2790	30
3010	30
3029	30
3979	30
4602	30
6681	30
6699	30
8754	30
23985	30
35704	30
35932	30
40352	30
51586	30
311	29
884	29
886	29
1396	29
1727	29
2542	29
3202	29
3481	29
4808	29
5902	29
23535	29
57500	29
10	28
333	28
427	28
446	28
1070	28
1204	28
1236	28
1324	28
1879	28
2423	28
2984	28
3572	28
3766	28
4711	28
4880	28
5362	28
7320	28
11256	28
13962	28
14791	28
45640	28
50802	28
259	27
1442	27
2414	27
2560	27
3296	27
4105	27
4221	27
4276	27
6507	27
9973	27
10597	27
20068	27
23311	27
26384	27
27653	27
64700	27
53	26
68	26
92	26
763	26
1056	26
1301	26
1401	26
1407	26
1532	26
2166	26
2308	26
2781	26
2814	26
6813	26
9830	26
12204	26
16070	26
17120	26
25291	26
58256	26
83712	26
94802	26
67	25
470	25
777	25
850	25
1120	25
1429	25
1831	25
1946	25
2100	25
2267	25
2280	25
2433	25
2957	25
3289	25
3665	25
3983	25
4191	25
4336	25
7285	25
9626	25
12754	25
16097	25
17313	25
17377	25
25705	25
38708	25
44675	25
85322	25
75	24
77	24
864	24
866	24
1141	24
1357	24
2279	24
2400	24
2582	24
3070	24
3511	24
3727	24
4037	24
5484	24
5893	24
5927	24
6158	24
7652	24
8240	24
10582	24
12168	24
18583	24
37978	24
81726	24
90	23
324	23
557	23
1017	23
1121	23
1172	23
1350	23
1651	23
1657	23
1898	23
1957	23
2393	23
3470	23
4123	23
4417	23
4437	23
5324	23
7982	23
10453	23
10505	23
11540	23
13769	23
15043	23
15700	23
19474	23
19896	23
21966	23
32508	23
41085	23
45850	23
50985	23
65942	23
68153	23
71802	23
81010	23
70	22
684	22
973	22
1142	22
1387	22
1518	22
1786	22
1852	22
3134	22
3184	22
3437	22
3717	22
3896	22
4072	22
4131	22
5148	22
6466	22
6937	22
7055	22
7731	22
9191	22
9537	22
11036	22
11352	22
11607	22
11988	22
14934	22
15704	22
17404	22
18216	22
20260	22
23331	22
31230	22
31548	22
34586	22
34773	22
35971	22
42	21
629	21
1076	21
1436	21
3315	21
3710	21
4145	21
5073	21
5313	21
6302	21
6761	21
7359	21
7440	21
9989	21
10125	21
11069	21
13262	21
13928	21
14304	21
17287	21
21729	21
22903	21
25804	21
28603	21
31391	21
32645	21
43874	21
58377	21
63173	21
65244	21
73595	21
27	20
64	20
65	20
66	20
85	20
287	20
331	20
725	20
854	20
1174	20
1245	20
1420	20
1445	20
1987	20
2107	20
2583	20
2730	20
3050	20
3165	20
3349	20
3515	20
3749	20
3799	20
4433	20
4434	20
5285	20
5436	20
5458	20
5471	20
5492	20
6436	20
7465	20
7683	20
11128	20
11604	20
16629	20
36944	20
44125	20
45543	20
52434	20
61535	20
69892	20
85152	20
680	19
828	19
956	19
1001	19
1192	19
1866	19
1881	19
2943	19
3102	19
3625	19
4062	19
4487	19
4490	19
5128	19
5289	19
5759	19
5802	19
5821	19
6052	19
11064	19
12636	19
12654	19
12858	19
12906	19
13540	19
15796	19
20564	19
21059	19
25584	19
26555	19
27370	19
32561	19
37306	19
38256	19
7	18
487	18
510	18
745	18
809	18
835	18
925	18
1042	18
1314	18
2336	18
2446	18
2534	18
2713	18
2805	18
3008	18
3309	18
3429	18
3752	18
3950	18
4965	18
5020	18
6337	18
8390	18
8978	18
9061	18
10442	18
11782	18
17518	18
27798	18
28125	18
37359	18
41163	18
92217	18
54	17
951	17
1061	17
1472	17
1536	17
1691	17
1804	17
2490	17
2531	17
2980	17
3037	17
3133	17
3591	17
3611	17
3915	17
3921	17
4213	17
5215	17
5354	17
5742	17
5975	17
6513	17
7622	17
7734	17
9468	17
12850	17
13092	17
13792	17
14855	17
15734	17
18479	17
18777	17
22166	17
24822	17
30566	17
31038	17
86344	17
45	16
59	16
88	16
309	16
1628	16
1676	16
1816	16
1954	16
2213	16
3026	16
3095	16
3436	16
3494	16
3525	16
3563	16
3746	16
3889	16
5200	16
5257	16
5438	16
6001	16
6157	16
6971	16
8060	16
9354	16
9370	16
9542	16
10673	16
10895	16
11368	16
12876	16
14388	16
14862	16
16732	16
18890	16
19287	16
26703	16
35067	16
45157	16
77216	16
93868	16
36	15
51	15
58	15
78	15
280	15
351	15
361	15
473	15
789	15
919	15
977	15
1012	15
1088	15
1248	15
1345	15
1577	15
1830	15
2179	15
2294	15
2381	15
2569	15
2785	15
2849	15
3269	15
3286	15
3655	15
4138	15
4274	15
4691	15
4829	15
4881	15
4953	15
4992	15
5096	15
5346	15
5533	15
5536	15
5586	15
5639	15
5805	15
6025	15
6129	15
6942	15
7294	15
7920	15
9880	15
10390	15
10993	15
11135	15
11258	15
12415	15
13402	15
14053	15
14586	15
14835	15
16908	15
18002	15
18607	15
18887	15
20738	15
21094	15
31264	15
39100	15
42809	15
50921	15
61738	15
72414	15
43	14
269	14
441	14
492	14
523	14
1105	14
1856	14
1919	14
2154	14
2224	14
2532	14
2708	14
3150	14
3371	14
3377	14
3521	14
3850	14
4109	14
4114	14
4471	14
4507	14
4722	14
5307	14
5406	14
5469	14
6136	14
6725	14
7023	14
7042	14
8242	14
9966	14
10281	14
10378	14
10429	14
11659	14
13909	14
15060	14
15291	14
17189	14
19912	14
20473	14
20734	14
20771	14
21061	14
21835	14
22157	14
29642	14
33686	14
46737	14
49942	14
64249	14
68421	14
32	13
34	13
61	13
326	13
362	13
1112	13
1117	13
1159	13
1171	13
1257	13
1380	13
1440	13
1547	13
1714	13
1732	13
2218	13
2321	13
2361	13
2388	13
2444	13
2523	13
2649	13
2716	13
2759	13
2829	13
2942	13
3039	13
3157	13
3299	13
3514	13
3683	13
3689	13
3719	13
4052	13
4252	13
4534	13
4535	13
4562	13
4774	13
4778	13
4874	13
5036	13
5222	13
5255	13
5653	13
5774	13
5956	13
6355	13
6762	13
6881	13
8976	13
9150	13
10140	13
10184	13
11436	13
12765	13
12910	13
14086	13
14260	13
16243	13
18948	13
19014	13
19712	13
19954	13
21831	13
23065	13
23338	13
26168	13
26532	13
27203	13
28253	13
28365	13
31118	13
35542	13
59915	13
75555	13
48	12
50	12
89	12
265	12
298	12
423	12
528	12
529	12
592	12
740	12
806	12
843	12
1067	12
1200	12
1393	12
1405	12
1406	12
1452	12
1599	12
1654	12
1901	12
1960	12
2002	12
2124	12
2353	12
2357	12
2519	12
2624	12
2629	12
3016	12
3105	12
3370	12
3424	12
3480	12
3604	12
3638	12
3849	12
3977	12
4010	12
4016	12
4139	12
4243	12
4296	12
4439	12
4673	12
5853	12
5887	12
5951	12
5983	12
6231	12
6277	12
6607	12
6907	12
7560	12
7586	12
8120	12
8323	12
9167	12
9307	12
9522	12
9801	12
10031	12
10046	12
10534	12
10583	12
10836	12
11316	12
12143	12
12448	12
12527	12
12576	12
12715	12
14717	12
14905	12
22703	12
22839	12
24147	12
26750	12
27462	12
28763	12
29653	12
31374	12
32337	12
34028	12
36092	12
37753	12
40027	12
45369	12
48659	12
67921	12
70996	12
74391	12
75336	12
77930	12
159034	12
187067	12
211342	12
401	11
469	11
534	11
550	11
591	11
975	11
978	11
995	11
1696	11
1725	11
1783	11
2229	11
2315	11
2373	11
2904	11
2961	11
3061	11
3181	11
3387	11
3608	11
3790	11
3808	11
3892	11
4942	11
5081	11
5357	11
5568	11
5574	11
6047	11
6570	11
6679	11
6743	11
7205	11
7657	11
7715	11
7730	11
7995	11
9163	11
10467	11
10485	11
11700	11
13522	11
14552	11
17397	11
19670	11
20049	11
21433	11
24460	11
24958	11
26370	11
26472	11
31874	11
32147	11
32407	11
33539	11
34327	11
35658	11
37210	11
37731	11
40161	11
44227	11
44646	11
44776	11
46827	11
54622	11
65057	11
69777	11
76531	11
84441	11
92527	11
93067	11
148654	11
159029	11
334	10
414	10
531	10
559	10
574	10
636	10
722	10
804	10
814	10
926	10
1511	10
1560	10
1593	10
1609	10
1992	10
2117	10
2261	10
2343	10
2428	10
2500	10
2643	10
2663	10
2677	10
2715	10
2905	10
3025	10
3074	10
3290	10
3328	10
4045	10
4047	10
4478	10
4560	10
4763	10
4954	10
5077	10
5122	10
5138	10
5251	10
5265	10
5565	10
5583	10
5689	10
5728	10
5952	10
6707	10
6925	10
7129	10
7807	10
7813	10
7948	10
8028	10
8042	10
8279	10
8516	10
9032	10
9469	10
9722	10
10052	10
10968	10
11106	10
11293	10
11346	10
11486	10
11870	10
12182	10
12195	10
12295	10
12531	10
13441	10
14378	10
14654	10
15278	10
16415	10
17785	10
17856	10
17987	10
18505	10
19814	10
20668	10
21250	10
21278	10
21793	10
21902	10
22468	10
22756	10
24733	10
25499	10
25930	10
26849	10
28554	10
29594	10
29969	10
31358	10
31621	10
33060	10
34736	10
35970	10
38627	10
43119	10
45309	10
45454	10
61386	10
61794	10
64498	10
82431	10
88673	10
90112	10
90448	10
92738	10
174554	10
47	9
57	9
316	9
342	9
378	9
387	9
391	9
464	9
501	9
569	9
578	9
595	9
713	9
727	9
846	9
852	9
927	9
998	9
1193	9
1321	9
1394	9
1575	9
1581	9
1809	9
1820	9
2050	9
2195	9
2272	9
2366	9
2851	9
2887	9
2945	9
3002	9
3069	9
3140	9
3568	9
3584	9
3756	9
4035	9
4108	9
4155	9
4182	9
4277	9
4409	9
4570	9
4799	9
5328	9
5614	9
5617	9
5976	9
6093	9
6397	9
6644	9
6673	9
6989	9
7025	9
7225	9
7466	9
7526	9
7644	9
7658	9
8065	9
8410	9
8806	9
9699	9
9705	9
9976	9
10121	9
11668	9
11823	9
12533	9
12641	9
13050	9
13223	9
13754	9
13914	9
13948	9
13951	9
14789	9
14861	9
15002	9
15318	9
16350	9
16432	9
16643	9
16717	9
18516	9
18879	9
18904	9
20572	9
22764	9
23022	9
24251	9
25045	9
27654	9
28707	9
28889	9
31338	9
31984	9
32689	9
33601	9
34082	9
34131	9
34181	9
34810	9
35414	9
37115	9
38493	9
40986	9
43690	9
43697	9
51372	9
55112	9
55288	9
58558	9
67409	9
72473	9
72825	9
73756	9
77244	9
78902	9
79091	9
84828	9
87941	9
88511	9
148767	9
153710	9
155413	9
173014	9
180285	9
209565	9
224511	9
261	8
293	8
443	8
535	8
611	8
1019	8
1250	8
1272	8
1643	8
1647	8
1675	8
1759	8
1905	8
1994	8
2074	8
2121	8
2199	8
2438	8
2574	8
2586	8
2604	8
2717	8
2885	8
2946	8
3160	8
3166	8
3238	8
3258	8
3462	8
3520	8
3564	8
3578	8
3648	8
3707	8
4093	8
4272	8
4290	8
4465	8
4516	8
4545	8
4609	8
4610	8
4860	8
4876	8
4900	8
5147	8
5171	8
5353	8
5375	8
5491	8
5576	8
5659	8
5860	8
6112	8
6327	8
6440	8
6454	8
6526	8
6557	8
6713	8
6747	8
7241	8
7594	8
7860	8
7929	8
8387	8
8598	8
8928	8
9253	8
9299	8
9403	8
9791	8
9969	8
10016	8
10204	8
10229	8
10255	8
10342	8
10478	8
10985	8
11086	8
11173	8
11175	8
11313	8
11774	8
11861	8
11910	8
11930	8
12525	8
12688	8
12692	8
12997	8
13565	8
13902	8
14107	8
14169	8
14385	8
14429	8
14739	8
14773	8
15011	8
15673	8
15771	8
15848	8
15981	8
16876	8
17066	8
17469	8
17470	8
17743	8
18169	8
18252	8
18997	8
19228	8
19503	8
19708	8
20653	8
20735	8
20922	8
21473	8
22322	8
24092	8
25423	8
25665	8
26439	8
26805	8
27686	8
27718	8
28868	8
30394	8
30763	8
30800	8
31410	8
31489	8
32633	8
33319	8
33902	8
38127	8
38766	8
46671	8
47688	8
47953	8
52920	8
55707	8
56328	8
57608	8
63412	8
65507	8
80347	8
150310	8
159751	8
170286	8
248058	8
248059	8
31	7
304	7
319	7
345	7
481	7
486	7
537	7
642	7
659	7
673	7
887	7
894	7
949	7
1021	7
1325	7
1402	7
1433	7
1439	7
1496	7
1576	7
1597	7
1723	7
1761	7
1782	7
1848	7
1865	7
2011	7
2022	7
2081	7
2086	7
2091	7
2144	7
2427	7
2437	7
2487	7
2594	7
2641	7
2680	7
2721	7
2844	7
2932	7
2933	7
2993	7
3018	7
3129	7
3237	7
3360	7
3428	7
3473	7
3482	7
3750	7
3841	7
3883	7
4089	7
4156	7
4181	7
4184	7
4223	7
4341	7
4344	7
4346	7
4451	7
4472	7
4496	7
4540	7
4625	7
4687	7
4842	7
5129	7
5190	7
5331	7
5344	7
5381	7
5428	7
5499	7
5787	7
5829	7
5836	7
5915	7
5946	7
5989	7
6105	7
6259	7
6472	7
6522	7
6575	7
6618	7
6767	7
6866	7
6951	7
7268	7
7374	7
7634	7
7799	7
7926	7
8173	7
8523	7
8556	7
8848	7
9154	7
9321	7
9559	7
9648	7
9712	7
9849	7
9868	7
10142	7
10206	7
10220	7
10325	7
10403	7
11939	7
12125	7
12283	7
12305	7
12573	7
12977	7
13459	7
13550	7
13809	7
14293	7
14908	7
15000	7
15167	7
15264	7
15414	7
15579	7
15616	7
16036	7
16168	7
16327	7
16560	7
16975	7
17458	7
18053	7
18944	7
20139	7
20245	7
20335	7
20923	7
21400	7
21814	7
21851	7
22280	7
22741	7
22827	7
22887	7
23508	7
23513	7
25178	7
26162	7
26355	7
26791	7
27322	7
27922	7
29694	7
30116	7
31579	7
33303	7
33389	7
33924	7
34475	7
36093	7
42514	7
43072	7
44193	7
44341	7
47391	7
48218	7
48673	7
48834	7
49657	7
52965	7
53253	7
54102	7
57167	7
58740	7
61444	7
61659	7
61911	7
63626	7
65081	7
72012	7
72378	7
74715	7
75810	7
76176	7
76591	7
77661	7
80837	7
91385	7
94589	7
150999	7
84	6
107	6
197	6
277	6
294	6
306	6
329	6
398	6
426	6
437	6
520	6
558	6
717	6
822	6
871	6
902	6
909	6
941	6
1022	6
1030	6
1052	6
1058	6
1094	6
1273	6
1284	6
1455	6
1495	6
1574	6
1746	6
1768	6
1787	6
1857	6
1888	6
1909	6
2024	6
2094	6
2119	6
2138	6
2168	6
2450	6
2503	6
2617	6
2658	6
2763	6
3082	6
3118	6
3162	6
3191	6
3213	6
3301	6
3357	6
3559	6
3720	6
3895	6
3938	6
3994	6
4022	6
4148	6
4370	6
4536	6
4543	6
4598	6
4603	6
4627	6
4668	6
4777	6
4796	6
5048	6
5098	6
5142	6
5415	6
5418	6
5604	6
5629	6
5692	6
5764	6
5861	6
6007	6
6043	6
6131	6
6150	6
6574	6
6577	6
6596	6
7047	6
7101	6
7265	6
7289	6
7454	6
7478	6
7533	6
7551	6
7605	6
8129	6
8160	6
8211	6
8348	6
8404	6
8412	6
8427	6
8448	6
8574	6
8772	6
8952	6
8968	6
9039	6
9432	6
9495	6
9637	6
9671	6
9711	6
10054	6
10212	6
10277	6
10451	6
10532	6
10548	6
10738	6
10804	6
10845	6
10999	6
11030	6
11046	6
11208	6
11290	6
11490	6
11525	6
11925	6
12321	6
12846	6
13015	6
13094	6
13099	6
13249	6
13336	6
13398	6
13426	6
13428	6
13668	6
13736	6
14246	6
14435	6
14456	6
14481	6
15078	6
15090	6
15640	6
15754	6
16398	6
16707	6
17038	6
17043	6
17158	6
17220	6
17548	6
17591	6
17602	6
17902	6
18050	6
18211	6
18425	6
18910	6
19268	6
19297	6
19787	6
19922	6
20052	6
20163	6
20970	6
22330	6
22521	6
23314	6
23716	6
23753	6
23796	6
24207	6
24245	6
24603	6
24716	6
24962	6
24979	6
26156	6
26742	6
27510	6
27733	6
28662	6
28782	6
29997	6
30290	6
30474	6
30675	6
31456	6
31629	6
31961	6
32073	6
32343	6
32449	6
32832	6
33468	6
33671	6
34237	6
34534	6
35272	6
35289	6
37432	6
38374	6
38631	6
38643	6
39492	6
39849	6
40272	6
43494	6
44212	6
44436	6
45061	6
46370	6
47193	6
47248	6
48148	6
48213	6
48647	6
50966	6
52654	6
53481	6
54084	6
55160	6
55721	6
57261	6
59610	6
59914	6
59930	6
66191	6
66983	6
67017	6
69583	6
71458	6
75656	6
75800	6
76926	6
78571	6
81480	6
84771	6
86720	6
93077	6
93144	6
94085	6
94827	6
153693	6
159542	6
171622	6
172013	6
176972	6
177424	6
179631	6
188912	6
35	5
273	5
288	5
307	5
349	5
367	5
425	5
468	5
498	5
519	5
542	5
554	5
623	5
652	5
815	5
837	5
856	5
930	5
936	5
980	5
1004	5
1259	5
1267	5
1287	5
1353	5
1421	5
1463	5
1623	5
1669	5
1680	5
1715	5
1757	5
1818	5
1834	5
1896	5
2015	5
2019	5
2061	5
2075	5
2148	5
2202	5
2329	5
2330	5
2424	5
2430	5
2518	5
2543	5
2551	5
2564	5
2599	5
2665	5
2767	5
2956	5
3023	5
3051	5
3190	5
3240	5
3242	5
3282	5
3401	5
3444	5
3506	5
3622	5
3627	5
3671	5
3759	5
3833	5
3927	5
3997	5
3998	5
4054	5
4161	5
4275	5
4310	5
4475	5
4499	5
4531	5
4574	5
4661	5
4906	5
4944	5
4980	5
5003	5
5031	5
5068	5
5134	5
5202	5
5283	5
5287	5
5342	5
5384	5
5426	5
5494	5
5686	5
6061	5
6217	5
6228	5
6379	5
6380	5
6643	5
6672	5
6709	5
6807	5
6849	5
6982	5
7304	5
7318	5
7335	5
7354	5
7441	5
7686	5
8059	5
8311	5
8385	5
8434	5
8453	5
8637	5
8884	5
8958	5
9053	5
9201	5
9367	5
9632	5
9668	5
9815	5
9947	5
10000	5
10263	5
10299	5
10678	5
10813	5
10817	5
11205	5
11222	5
11321	5
11424	5
11567	5
11618	5
11969	5
12083	5
12155	5
12263	5
12404	5
12782	5
12793	5
12908	5
12960	5
12996	5
13064	5
13081	5
13280	5
13766	5
14137	5
14192	5
14294	5
14335	5
14377	5
14392	5
14573	5
14683	5
14953	5
14989	5
15015	5
15214	5
15228	5
15250	5
15328	5
15346	5
15377	5
15451	5
15513	5
15766	5
15773	5
15808	5
15861	5
15953	5
15977	5
16305	5
16359	5
16526	5
16753	5
16809	5
16916	5
17606	5
17834	5
18336	5
18405	5
18519	5
18830	5
18877	5
18922	5
19150	5
19222	5
19367	5
19556	5
19913	5
20066	5
20359	5
20364	5
20589	5
20635	5
20671	5
20692	5
20701	5
20858	5
20895	5
20971	5
21292	5
21345	5
22090	5
22109	5
22249	5
22373	5
22967	5
23213	5
24001	5
24197	5
24725	5
25147	5
25273	5
25643	5
25704	5
25941	5
26388	5
27123	5
27228	5
28627	5
28924	5
29472	5
29505	5
29567	5
29634	5
29865	5
31445	5
31838	5
32251	5
33217	5
33829	5
34577	5
34602	5
35983	5
36151	5
36213	5
36491	5
36928	5
38045	5
39318	5
39811	5
39931	5
41108	5
41900	5
41928	5
42378	5
42466	5
43220	5
44670	5
45127	5
45883	5
46772	5
47733	5
47785	5
48086	5
48401	5
48849	5
48952	5
49282	5
49558	5
49889	5
51151	5
51532	5
52222	5
52487	5
52696	5
52919	5
54802	5
55856	5
56231	5
59364	5
61416	5
61610	5
62266	5
62288	5
64415	5
65949	5
66349	5
68101	5
68434	5
69454	5
71100	5
71463	5
72216	5
72346	5
74451	5
74903	5
74988	5
75108	5
75313	5
76742	5
77650	5
79512	5
79852	5
80037	5
81347	5
83782	5
84810	5
85027	5
85093	5
86674	5
91968	5
92306	5
94172	5
178379	5
0	4
272	4
300	4
354	4
371	4
420	4
429	4
442	4
467	4
522	4
581	4
606	4
647	4
653	4
663	4
695	4
715	4
723	4
776	4
823	4
826	4
867	4
879	4
935	4
942	4
943	4
961	4
969	4
984	4
1018	4
1064	4
1095	4
1146	4
1178	4
1211	4
1302	4
1378	4
1471	4
1572	4
1627	4
1744	4
1765	4
1825	4
1844	4
1849	4
1873	4
1918	4
1985	4
2017	4
2073	4
2076	4
2110	4
2372	4
2387	4
2394	4
2406	4
2448	4
2478	4
2488	4
2496	4
2556	4
2590	4
2631	4
2732	4
2764	4
2803	4
2858	4
2880	4
2908	4
2914	4
2919	4
2985	4
3035	4
3072	4
3192	4
3335	4
3353	4
3406	4
3433	4
3443	4
3464	4
3486	4
3491	4
3500	4
3535	4
3574	4
3618	4
3654	4
3728	4
3765	4
3835	4
3840	4
3897	4
3988	4
3993	4
4003	4
4031	4
4058	4
4099	4
4120	4
4154	4
4173	4
4202	4
4216	4
4220	4
4254	4
4283	4
4394	4
4483	4
4486	4
4613	4
4639	4
4650	4
4653	4
4734	4
4744	4
4748	4
4786	4
4787	4
4862	4
4918	4
4970	4
4972	4
5016	4
5022	4
5170	4
5299	4
5318	4
5350	4
5365	4
5511	4
5562	4
5621	4
5696	4
5713	4
5743	4
5758	4
5767	4
5791	4
5812	4
5830	4
5832	4
5947	4
5964	4
6009	4
6044	4
6103	4
6195	4
6238	4
6241	4
6267	4
6306	4
6348	4
6381	4
6463	4
6486	4
6549	4
6576	4
6611	4
6651	4
6676	4
6697	4
6744	4
6749	4
6830	4
6859	4
6871	4
6901	4
6915	4
6922	4
6972	4
6990	4
7063	4
7072	4
7132	4
7151	4
7183	4
7249	4
7276	4
7330	4
7336	4
7376	4
7415	4
7438	4
7496	4
7525	4
7563	4
7609	4
7629	4
7689	4
7904	4
8003	4
8024	4
8097	4
8162	4
8187	4
8231	4
8260	4
8265	4
8307	4
8318	4
8519	4
8535	4
8548	4
8563	4
8613	4
8732	4
8784	4
8850	4
8984	4
9006	4
9077	4
9170	4
9218	4
9378	4
9412	4
9599	4
9714	4
9959	4
10087	4
10098	4
10102	4
10287	4
10424	4
10589	4
10636	4
10660	4
10732	4
10736	4
10911	4
11072	4
11121	4
11174	4
11176	4
11533	4
11605	4
11747	4
11855	4
12089	4
12258	4
12388	4
12391	4
12453	4
12611	4
12689	4
12718	4
12737	4
12785	4
12877	4
12891	4
12913	4
12964	4
12966	4
13002	4
13016	4
13224	4
13269	4
13325	4
13365	4
13379	4
13453	4
13733	4
13753	4
13764	4
13867	4
13874	4
13878	4
13879	4
14014	4
14090	4
14159	4
14334	4
14347	4
14508	4
14542	4
14572	4
14629	4
14646	4
14648	4
14695	4
14706	4
14728	4
14988	4
15286	4
15321	4
15388	4
15539	4
16083	4
16201	4
16240	4
16352	4
16655	4
16681	4
16725	4
16739	4
16793	4
16899	4
17237	4
17290	4
17391	4
17528	4
17607	4
17655	4
17708	4
17867	4
18020	4
18209	4
18280	4
18574	4
18656	4
18675	4
18824	4
18826	4
19349	4
19389	4
19482	4
19537	4
19816	4
19902	4
19942	4
20002	4
20382	4
20454	4
20480	4
20720	4
20740	4
20763	4
20797	4
20957	4
21019	4
21041	4
21434	4
21579	4
21621	4
22076	4
22188	4
22449	4
22743	4
23285	4
23310	4
23424	4
23723	4
23810	4
23870	4
23895	4
23967	4
24009	4
24152	4
24228	4
24297	4
24342	4
24443	4
24469	4
24546	4
24571	4
24799	4
24890	4
25212	4
25300	4
25689	4
25710	4
26023	4
26144	4
26227	4
26259	4
26661	4
26666	4
26808	4
26958	4
26996	4
27069	4
27355	4
27572	4
27995	4
28109	4
28177	4
28378	4
28673	4
28685	4
28709	4
28712	4
29015	4
29208	4
29322	4
29551	4
29801	4
29986	4
30179	4
30246	4
30263	4
30463	4
30737	4
31184	4
31510	4
31626	4
31789	4
31918	4
31969	4
32157	4
32379	4
32805	4
32817	4
32879	4
33170	4
33447	4
33633	4
34112	4
34163	4
34291	4
35790	4
35920	4
36010	4
36412	4
36515	4
36882	4
37158	4
37201	4
37250	4
37476	4
37543	4
37557	4
37852	4
38062	4
38540	4
38754	4
39125	4
39188	4
40278	4
40769	4
41042	4
41179	4
41203	4
41244	4
41528	4
41821	4
43143	4
43301	4
43355	4
45361	4
46020	4
46142	4
46466	4
46570	4
46608	4
47339	4
47389	4
48199	4
48641	4
48860	4
49142	4
49240	4
49248	4
49259	4
50233	4
52065	4
52231	4
52393	4
52615	4
53030	4
55404	4
55976	4
56534	4
56768	4
58317	4
59661	4
59761	4
59970	4
60002	4
60277	4
60480	4
61002	4
61369	4
61841	4
63008	4
63307	4
64910	4
64941	4
65495	4
66320	4
66590	4
68252	4
69402	4
69551	4
69899	4
70440	4
70546	4
71142	4
76475	4
77064	4
79965	4
82210	4
85802	4
87301	4
89649	4
89809	4
172064	4
197201	4
197789	4
199663	4
49	3
74	3
86	3
258	3
267	3
282	3
289	3
291	3
292	3
330	3
335	3
374	3
394	3
447	3
457	3
536	3
548	3
560	3
562	3
587	3
605	3
631	3
632	3
633	3
701	3
708	3
712	3
771	3
824	3
860	3
881	3
898	3
974	3
1206	3
1358	3
1361	3
1451	3
1453	3
1479	3
1602	3
1607	3
1697	3
1719	3
1927	3
1928	3
1967	3
2133	3
2181	3
2183	3
2216	3
2284	3
2295	3
2342	3
2407	3
2447	3
2483	3
2491	3
2536	3
2597	3
2610	3
2614	3
2726	3
2738	3
2792	3
2798	3
2876	3
2922	3
3036	3
3048	3
3054	3
3059	3
3124	3
3171	3
3187	3
3246	3
3253	3
3284	3
3307	3
3336	3
3354	3
3382	3
3575	3
3593	3
3670	3
3725	3
3780	3
3812	3
3971	3
3984	3
4028	3
4071	3
4088	3
4204	3
4210	3
4313	3
4350	3
4368	3
4380	3
4444	3
4485	3
4573	3
4700	3
4771	3
4802	3
4818	3
4861	3
4886	3
4888	3
4939	3
4952	3
4993	3
5024	3
5097	3
5187	3
5274	3
5302	3
5303	3
5315	3
5339	3
5351	3
5396	3
5427	3
5444	3
5454	3
5640	3
5645	3
5736	3
5757	3
5792	3
6058	3
6125	3
6182	3
6309	3
6429	3
6458	3
6483	3
6498	3
6516	3
6528	3
6572	3
6599	3
6696	3
6718	3
6765	3
6795	3
6948	3
7061	3
7156	3
7169	3
7189	3
7199	3
7267	3
7308	3
7423	3
7434	3
7464	3
7566	3
7628	3
7650	3
7697	3
7698	3
7763	3
7834	3
7838	3
7867	3
7922	3
8156	3
8214	3
8291	3
8333	3
8432	3
8443	3
8457	3
8476	3
8526	3
8588	3
8757	3
8831	3
8852	3
8882	3
8891	3
8940	3
8957	3
8977	3
9205	3
9237	3
9319	3
9341	3
9376	3
9485	3
9679	3
9727	3
9785	3
9789	3
9884	3
9933	3
9956	3
9970	3
10041	3
10156	3
10159	3
10160	3
10202	3
10236	3
10335	3
10397	3
10484	3
10588	3
10616	3
10646	3
10724	3
10793	3
10814	3
10954	3
11039	3
11132	3
11147	3
11158	3
11206	3
11665	3
11712	3
11776	3
11846	3
12103	3
12104	3
12185	3
12189	3
12193	3
12351	3
12354	3
12405	3
12544	3
12594	3
12655	3
12752	3
12771	3
12937	3
12942	3
12943	3
13001	3
13019	3
13106	3
13187	3
13188	3
13514	3
13518	3
13775	3
13852	3
13888	3
14081	3
14095	3
14276	3
14400	3
14642	3
14650	3
14751	3
14760	3
14999	3
15040	3
15064	3
15066	3
15153	3
15339	3
15367	3
15464	3
15511	3
15582	3
15797	3
15936	3
16484	3
16568	3
16613	3
16673	3
16779	3
16821	3
17051	3
17076	3
17761	3
17981	3
18207	3
18369	3
18533	3
18649	3
18770	3
18778	3
18842	3
18950	3
18959	3
19056	3
19261	3
19290	3
19304	3
19335	3
19407	3
20269	3
20316	3
20321	3
20409	3
20413	3
20457	3
20754	3
20762	3
20765	3
21221	3
21327	3
21394	3
22005	3
22121	3
22125	3
22133	3
22306	3
22327	3
22365	3
22538	3
22672	3
22738	3
22778	3
22784	3
22825	3
23197	3
23241	3
23547	3
23620	3
23709	3
23912	3
24224	3
24237	3
24358	3
24459	3
24679	3
25027	3
25568	3
25654	3
25680	3
25738	3
25770	3
25823	3
25869	3
25977	3
26012	3
26022	3
26153	3
26236	3
26760	3
26847	3
26865	3
27007	3
27362	3
27601	3
27867	3
28107	3
28274	3
28432	3
28535	3
29346	3
29541	3
29554	3
29593	3
30211	3
30243	3
30637	3
30731	3
30755	3
31084	3
31144	3
31457	3
31764	3
32256	3
32260	3
32288	3
32680	3
33088	3
33270	3
33756	3
33963	3
34051	3
34073	3
34912	3
35044	3
35141	3
35326	3
35551	3
35622	3
36937	3
36953	3
37066	3
37175	3
38013	3
38073	3
38385	3
38556	3
38841	3
39149	3
40138	3
41052	3
41153	3
41173	3
41251	3
41419	3
41696	3
42140	3
42208	3
42412	3
42427	3
42465	3
43189	3
44868	3
45608	3
45741	3
45884	3
46451	3
46767	3
46916	3
47029	3
47739	3
47756	3
47887	3
48794	3
49245	3
49416	3
49625	3
49684	3
50543	3
50821	3
51501	3
52789	3
53007	3
53230	3
53618	3
54254	3
54878	3
55649	3
56075	3
56162	3
56257	3
56539	3
56546	3
56905	3
57081	3
57242	3
57381	3
57739	3
58196	3
58849	3
59739	3
60826	3
60856	3
61558	3
61569	3
61646	3
62377	3
62879	3
62929	3
63011	3
63266	3
63576	3
64247	3
64832	3
65266	3
66021	3
66446	3
66678	3
66926	3
66967	3
69303	3
71495	3
71862	3
72115	3
72310	3
74863	3
75008	3
75530	3
75843	3
76433	3
78161	3
78320	3
78951	3
79213	3
80116	3
83678	3
83831	3
85683	3
88061	3
89063	3
90002	3
90131	3
90955	3
92746	3
93461	3
93788	3
93843	3
161779	3
211614	3
229115	3
37	2
38	2
52	2
80	2
263	2
266	2
268	2
284	2
305	2
308	2
320	2
322	2
323	2
337	2
339	2
344	2
356	2
360	2
365	2
366	2
382	2
388	2
397	2
400	2
404	2
406	2
409	2
416	2
428	2
445	2
451	2
456	2
461	2
485	2
504	2
530	2
538	2
551	2
575	2
621	2
645	2
657	2
658	2
662	2
687	2
696	2
726	2
742	2
753	2
766	2
778	2
783	2
793	2
796	2
813	2
841	2
851	2
877	2
895	2
900	2
921	2
924	2
939	2
997	2
1005	2
1027	2
1055	2
1060	2
1074	2
1077	2
1080	2
1086	2
1093	2
1100	2
1104	2
1124	2
1147	2
1175	2
1202	2
1203	2
1223	2
1224	2
1231	2
1235	2
1268	2
1288	2
1298	2
1326	2
1342	2
1347	2
1354	2
1364	2
1369	2
1386	2
1395	2
1435	2
1493	2
1527	2
1537	2
1543	2
1559	2
1569	2
1603	2
1605	2
1630	2
1633	2
1648	2
1685	2
1704	2
1728	2
1745	2
1770	2
1798	2
1835	2
1846	2
1883	2
1916	2
1981	2
1983	2
1984	2
1988	2
1993	2
1998	2
2009	2
2010	2
2012	2
2018	2
2070	2
2072	2
2078	2
2109	2
2155	2
2163	2
2172	2
2174	2
2185	2
2192	2
2205	2
2210	2
2234	2
2251	2
2255	2
2278	2
2306	2
2334	2
2338	2
2340	2
2349	2
2408	2
2425	2
2442	2
2453	2
2506	2
2515	2
2579	2
2585	2
2587	2
2605	2
2639	2
2662	2
2676	2
2688	2
2719	2
2723	2
2742	2
2743	2
2752	2
2766	2
2788	2
2791	2
2795	2
2801	2
2811	2
2839	2
2846	2
2871	2
2910	2
2911	2
2952	2
2963	2
2979	2
3028	2
3032	2
3034	2
3038	2
3065	2
3146	2
3161	2
3173	2
3177	2
3197	2
3203	2
3219	2
3291	2
3359	2
3367	2
3373	2
3376	2
3384	2
3394	2
3403	2
3410	2
3417	2
3495	2
3505	2
3518	2
3528	2
3561	2
3571	2
3588	2
3590	2
3602	2
3609	2
3614	2
3639	2
3662	2
3668	2
3672	2
3712	2
3714	2
3740	2
3753	2
3794	2
3807	2
3827	2
3856	2
3874	2
3875	2
3899	2
3902	2
3905	2
3928	2
3931	2
3947	2
3951	2
3964	2
3996	2
4006	2
4009	2
4025	2
4029	2
4030	2
4069	2
4082	2
4091	2
4098	2
4119	2
4129	2
4179	2
4199	2
4211	2
4225	2
4234	2
4255	2
4257	2
4273	2
4282	2
4284	2
4319	2
4338	2
4352	2
4364	2
4371	2
4384	2
4387	2
4400	2
4415	2
4430	2
4480	2
4497	2
4509	2
4532	2
4551	2
4555	2
4556	2
4557	2
4577	2
4599	2
4635	2
4660	2
4679	2
4688	2
4694	2
4703	2
4719	2
4732	2
4749	2
4752	2
4789	2
4807	2
4809	2
4834	2
4847	2
4868	2
4891	2
4898	2
4924	2
4935	2
4937	2
4947	2
4950	2
4973	2
4981	2
5011	2
5019	2
5044	2
5055	2
5057	2
5144	2
5173	2
5176	2
5231	2
5245	2
5252	2
5261	2
5310	2
5327	2
5335	2
5352	2
5404	2
5409	2
5414	2
5434	2
5439	2
5447	2
5460	2
5467	2
5474	2
5478	2
5514	2
5515	2
5529	2
5548	2
5558	2
5561	2
5594	2
5601	2
5623	2
5637	2
5670	2
5676	2
5684	2
5697	2
5726	2
5727	2
5732	2
5745	2
5752	2
5839	2
5842	2
5851	2
5889	2
5894	2
5909	2
5917	2
5941	2
5978	2
5995	2
6000	2
6004	2
6008	2
6031	2
6051	2
6060	2
6063	2
6078	2
6086	2
6126	2
6140	2
6165	2
6176	2
6206	2
6221	2
6246	2
6250	2
6268	2
6278	2
6281	2
6282	2
6310	2
6330	2
6331	2
6343	2
6356	2
6362	2
6435	2
6437	2
6439	2
6470	2
6473	2
6593	2
6608	2
6625	2
6639	2
6656	2
6711	2
6716	2
6745	2
6784	2
6799	2
6804	2
6829	2
6857	2
6863	2
6916	2
6920	2
6966	2
6991	2
6992	2
6999	2
7019	2
7021	2
7041	2
7056	2
7062	2
7095	2
7117	2
7131	2
7170	2
7179	2
7190	2
7193	2
7210	2
7244	2
7247	2
7251	2
7255	2
7262	2
7281	2
7328	2
7361	2
7391	2
7417	2
7449	2
7474	2
7481	2
7484	2
7499	2
7501	2
7543	2
7556	2
7559	2
7590	2
7593	2
7611	2
7621	2
7678	2
7701	2
7718	2
7744	2
7776	2
7778	2
7786	2
7788	2
7790	2
7793	2
7830	2
7836	2
7842	2
7848	2
7899	2
7912	2
7943	2
7945	2
7946	2
7947	2
7960	2
7968	2
7976	2
7984	2
7987	2
8018	2
8019	2
8020	2
8032	2
8053	2
8066	2
8068	2
8075	2
8142	2
8145	2
8146	2
8198	2
8217	2
8229	2
8232	2
8249	2
8252	2
8268	2
8276	2
8285	2
8315	2
8339	2
8363	2
8396	2
8397	2
8422	2
8429	2
8430	2
8445	2
8446	2
8468	2
8469	2
8488	2
8497	2
8533	2
8553	2
8577	2
8618	2
8622	2
8626	2
8660	2
8678	2
8722	2
8723	2
8742	2
8749	2
8755	2
8770	2
8771	2
8796	2
8855	2
8871	2
8944	2
8955	2
8973	2
9019	2
9100	2
9109	2
9110	2
9138	2
9159	2
9176	2
9183	2
9202	2
9215	2
9257	2
9290	2
9304	2
9357	2
9363	2
9392	2
9414	2
9455	2
9471	2
9571	2
9628	2
9663	2
9766	2
9781	2
9802	2
9812	2
9834	2
9896	2
9930	2
9971	2
9984	2
9992	2
10024	2
10025	2
10028	2
10029	2
10079	2
10083	2
10092	2
10116	2
10134	2
10163	2
10187	2
10213	2
10215	2
10231	2
10254	2
10278	2
10286	2
10298	2
10300	2
10330	2
10361	2
10382	2
10419	2
10480	2
10494	2
10517	2
10533	2
10539	2
10551	2
10552	2
10553	2
10642	2
10691	2
10710	2
10728	2
10739	2
10752	2
10756	2
10766	2
10768	2
10779	2
10811	2
10832	2
10835	2
10839	2
10841	2
10842	2
10853	2
10869	2
10902	2
10990	2
11022	2
11040	2
11048	2
11078	2
11085	2
11088	2
11096	2
11125	2
11171	2
11192	2
11225	2
11227	2
11241	2
11249	2
11315	2
11325	2
11330	2
11343	2
11347	2
11371	2
11393	2
11411	2
11438	2
11447	2
11450	2
11454	2
11469	2
11488	2
11550	2
11553	2
11615	2
11655	2
11679	2
11746	2
11748	2
11767	2
11778	2
11789	2
11799	2
11814	2
11847	2
11878	2
11882	2
11898	2
11992	2
12055	2
12091	2
12105	2
12194	2
12205	2
12215	2
12221	2
12238	2
12261	2
12308	2
12311	2
12317	2
12366	2
12439	2
12443	2
12459	2
12482	2
12485	2
12492	2
12495	2
12502	2
12540	2
12619	2
12622	2
12693	2
12755	2
12781	2
12804	2
12834	2
12844	2
12851	2
12863	2
12929	2
12945	2
12995	2
13007	2
13017	2
13082	2
13158	2
13161	2
13163	2
13181	2
13232	2
13238	2
13254	2
13263	2
13273	2
13343	2
13371	2
13390	2
13432	2
13477	2
13542	2
13556	2
13574	2
13617	2
13638	2
13646	2
13653	2
13665	2
13771	2
13784	2
13838	2
13864	2
13873	2
13929	2
13942	2
13946	2
13954	2
13957	2
13983	2
13998	2
14058	2
14060	2
14122	2
14142	2
14206	2
14345	2
14419	2
14471	2
14512	2
14519	2
14590	2
14623	2
14673	2
14733	2
14737	2
14749	2
14759	2
14832	2
14836	2
15016	2
15019	2
15070	2
15239	2
15259	2
15313	2
15394	2
15395	2
15403	2
15422	2
15433	2
15440	2
15542	2
15544	2
15563	2
15572	2
15666	2
15676	2
15699	2
15741	2
15746	2
15767	2
16015	2
16134	2
16218	2
16296	2
16300	2
16307	2
16384	2
16456	2
16465	2
16525	2
16577	2
16609	2
16615	2
16644	2
16653	2
16687	2
16694	2
16708	2
16713	2
16714	2
16715	2
16866	2
16888	2
16905	2
16923	2
16954	2
17009	2
17030	2
17068	2
17070	2
17157	2
17185	2
17191	2
17210	2
17225	2
17335	2
17394	2
17420	2
17566	2
17583	2
17587	2
17656	2
17668	2
17683	2
17759	2
17845	2
17938	2
17948	2
17958	2
17960	2
18030	2
18065	2
18085	2
18139	2
18212	2
18351	2
18375	2
18377	2
18413	2
18588	2
18622	2
18632	2
18677	2
18710	2
18716	2
18722	2
18739	2
18763	2
18882	2
18942	2
18971	2
18992	2
19000	2
19020	2
19041	2
19043	2
19139	2
19153	2
19166	2
19172	2
19174	2
19185	2
19213	2
19214	2
19260	2
19315	2
19317	2
19396	2
19421	2
19435	2
19470	2
19504	2
19536	2
19589	2
19633	2
19662	2
19674	2
19797	2
19800	2
19892	2
20006	2
20025	2
20236	2
20283	2
20296	2
20331	2
20495	2
20537	2
20554	2
20586	2
20648	2
20654	2
20684	2
20728	2
20759	2
20827	2
21024	2
21085	2
21100	2
21136	2
21146	2
21172	2
21181	2
21244	2
21261	2
21340	2
21354	2
21360	2
21365	2
21397	2
21415	2
21461	2
21567	2
21637	2
21700	2
21701	2
21790	2
21989	2
22014	2
22054	2
22060	2
22093	2
22170	2
22219	2
22258	2
22270	2
22332	2
22350	2
22415	2
22513	2
22643	2
22651	2
22666	2
22746	2
22815	2
22841	2
22868	2
22957	2
22958	2
22985	2
23032	2
23038	2
23107	2
23156	2
23201	2
23378	2
23398	2
23438	2
23521	2
23540	2
23557	2
23571	2
23585	2
23644	2
23756	2
23908	2
23944	2
23975	2
24024	2
24049	2
24056	2
24102	2
24123	2
24141	2
24191	2
24217	2
24261	2
24367	2
24385	2
24569	2
24580	2
24656	2
24693	2
24751	2
24782	2
24816	2
24849	2
24876	2
24924	2
24993	2
25105	2
25118	2
25137	2
25170	2
25208	2
25241	2
25284	2
25298	2
25337	2
25407	2
25419	2
25430	2
25471	2
25472	2
25478	2
25503	2
25716	2
25773	2
25822	2
25866	2
25875	2
25905	2
25971	2
26173	2
26192	2
26211	2
26321	2
26334	2
26502	2
26527	2
26586	2
26622	2
26785	2
26858	2
26907	2
26926	2
27169	2
27224	2
27245	2
27260	2
27269	2
27396	2
27410	2
27413	2
27430	2
27437	2
27446	2
27586	2
27631	2
27632	2
27690	2
27695	2
27781	2
27840	2
27841	2
27929	2
28073	2
28106	2
28293	2
28380	2
28397	2
28475	2
28488	2
28528	2
28607	2
28738	2
28873	2
28964	2
29006	2
29012	2
29038	2
29060	2
29109	2
29113	2
29206	2
29254	2
29300	2
29303	2
29422	2
29440	2
29458	2
29616	2
29658	2
29715	2
29728	2
29749	2
29763	2
29770	2
29806	2
29904	2
29965	2
29995	2
30018	2
30138	2
30521	2
30573	2
30646	2
30662	2
30677	2
30687	2
30718	2
30762	2
30835	2
30855	2
30959	2
30979	2
30995	2
30996	2
31058	2
31088	2
31211	2
31219	2
31304	2
31363	2
31634	2
31765	2
31802	2
31816	2
31941	2
31973	2
32002	2
32237	2
32328	2
32483	2
32599	2
32912	2
32961	2
32990	2
33028	2
33055	2
33094	2
33153	2
33286	2
33338	2
33404	2
33476	2
33550	2
33702	2
33744	2
33759	2
33791	2
33793	2
33877	2
33974	2
34017	2
34117	2
34276	2
34322	2
34329	2
34432	2
34445	2
34579	2
34661	2
34926	2
34993	2
35000	2
35025	2
35032	2
35126	2
35160	2
35166	2
35169	2
35195	2
35207	2
35302	2
35426	2
35438	2
35464	2
35604	2
35746	2
35788	2
35809	2
35815	2
35923	2
36027	2
36084	2
36087	2
36110	2
36182	2
36265	2
36286	2
36297	2
36331	2
36353	2
36397	2
36449	2
36482	2
36503	2
36668	2
36834	2
36884	2
36885	2
37033	2
37057	2
37116	2
37157	2
37220	2
37296	2
37372	2
37389	2
37463	2
37536	2
37539	2
37603	2
37734	2
37781	2
37844	2
37989	2
37991	2
38400	2
38406	2
38415	2
38437	2
38587	2
38619	2
38818	2
38845	2
38982	2
39087	2
39113	2
39202	2
39210	2
39314	2
39369	2
39456	2
39502	2
39577	2
39671	2
39674	2
39751	2
39752	2
39776	2
39938	2
39951	2
40007	2
40106	2
40121	2
40355	2
40555	2
40619	2
40628	2
40652	2
40786	2
40812	2
41020	2
41031	2
41278	2
41339	2
41365	2
41457	2
41603	2
41643	2
41670	2
41685	2
41718	2
41846	2
41850	2
41959	2
42032	2
42100	2
42199	2
42242	2
42249	2
42371	2
42398	2
42491	2
42529	2
42535	2
42642	2
42773	2
42820	2
42849	2
42983	2
42996	2
43015	2
43190	2
43314	2
43320	2
43429	2
43462	2
43660	2
44115	2
44192	2
44250	2
44254	2
44401	2
44497	2
44499	2
44504	2
44739	2
44780	2
44839	2
44900	2
45347	2
45371	2
45374	2
45392	2
45522	2
45553	2
45586	2
45690	2
45691	2
45759	2
46000	2
46070	2
46270	2
46734	2
46773	2
46804	2
46930	2
47004	2
47045	2
47160	2
47163	2
47189	2
47432	2
47675	2
47869	2
47875	2
47955	2
47964	2
47993	2
48129	2
48161	2
48184	2
48345	2
48482	2
48645	2
48704	2
48718	2
48740	2
48791	2
48895	2
48927	2
48928	2
48939	2
48950	2
48957	2
49120	2
49219	2
49356	2
49612	2
49648	2
49703	2
49765	2
49825	2
49876	2
50151	2
50572	2
50606	2
51012	2
51201	2
51790	2
51809	2
51959	2
52141	2
52152	2
52211	2
52267	2
52285	2
52287	2
52351	2
52464	2
52562	2
52778	2
52782	2
52962	2
53074	2
53276	2
53415	2
53499	2
53579	2
53611	2
53630	2
53844	2
53858	2
53966	2
54115	2
54567	2
54703	2
54712	2
55267	2
55447	2
55643	2
55665	2
55821	2
56004	2
56108	2
56183	2
56212	2
56380	2
56485	2
56502	2
56994	2
57014	2
57018	2
57042	2
57208	2
57353	2
57480	2
57513	2
57534	2
57592	2
57650	2
57689	2
57807	2
57879	2
57925	2
57949	2
58038	2
58277	2
58366	2
58655	2
58873	2
59030	2
59243	2
59429	2
59474	2
59731	2
59771	2
59987	2
60228	2
60259	2
60283	2
60316	2
60363	2
60439	2
60467	2
60631	2
60789	2
61106	2
61148	2
61433	2
61542	2
61557	2
61643	2
61718	2
61758	2
61763	2
61781	2
61932	2
62140	2
62366	2
62700	2
63001	2
63853	2
64234	2
64460	2
64507	2
64512	2
64644	2
64756	2
64813	2
64977	2
65035	2
65114	2
65194	2
65618	2
65669	2
65777	2
65819	2
66290	2
66333	2
66375	2
66487	2
66532	2
66539	2
66724	2
66793	2
67101	2
67205	2
67290	2
67374	2
68328	2
68422	2
68471	2
68954	2
68998	2
69308	2
69488	2
69577	2
69695	2
69969	2
70093	2
70221	2
70320	2
70378	2
70433	2
70549	2
70760	2
71105	2
71446	2
71690	2
71709	2
71874	2
71974	2
72026	2
72306	2
72703	2
73039	2
73215	2
73299	2
73341	2
73406	2
73589	2
73594	2
73802	2
74211	2
74291	2
74396	2
75129	2
75370	2
75401	2
75652	2
75740	2
76051	2
76342	2
76640	2
76717	2
77103	2
77336	2
77506	2
77612	2
77708	2
77885	2
77991	2
78196	2
78304	2
78327	2
78533	2
78636	2
78905	2
79047	2
79221	2
79752	2
80165	2
80222	2
80316	2
80393	2
80400	2
80445	2
80853	2
80970	2
81003	2
81378	2
81490	2
81539	2
81748	2
81873	2
82698	2
82868	2
83081	2
83287	2
83392	2
83585	2
83871	2
84137	2
84333	2
84336	2
84582	2
85484	2
85505	2
85807	2
85898	2
86746	2
87413	2
88003	2
88295	2
88341	2
88367	2
89039	2
89079	2
89152	2
89153	2
89161	2
89326	2
89391	2
89691	2
90274	2
90608	2
90612	2
90758	2
90765	2
91453	2
92000	2
92241	2
92314	2
92524	2
93121	2
93518	2
94307	2
94425	2
94441	2
94450	2
94609	2
94640	2
94762	2
95462	2
153460	2
162470	2
170465	2
171716	2
172100	2
178163	2
181647	2
184531	2
185821	2
186226	2
189440	2
191280	2
201113	2
205804	2
210565	2
218940	2
220266	2
228753	2
232857	2
233593	2
370	1
407	1
415	1
463	1
475	1
477	1
754	1
787	1
794	1
992	1
1081	1
1123	1
1143	1
1246	1
1260	1
1307	1
1375	1
1388	1
1441	1
1478	1
1515	1
1637	1
1662	1
1666	1
1667	1
1678	1
1749	1
1771	1
1801	1
1853	1
1915	1
1920	1
1926	1
1942	1
1950	1
1982	1
2005	1
2031	1
2033	1
2058	1
2064	1
2099	1
2143	1
2225	1
2282	1
2370	1
2374	1
2459	1
2469	1
2482	1
2512	1
2545	1
2591	1
2598	1
2609	1
2678	1
2681	1
2704	1
2739	1
2768	1
2817	1
2843	1
2852	1
2940	1
3043	1
3045	1
3058	1
3106	1
3122	1
3127	1
3153	1
3186	1
3311	1
3350	1
3392	1
3405	1
3408	1
3449	1
3471	1
3512	1
3537	1
3566	1
3656	1
3778	1
3870	1
3890	1
4041	1
4106	1
4170	1
4317	1
4378	1
4431	1
4450	1
4492	1
4546	1
4621	1
4766	1
4795	1
4804	1
4839	1
4841	1
4936	1
4962	1
4968	1
5064	1
5237	1
5312	1
5359	1
5361	1
5374	1
5443	1
5534	1
5555	1
5626	1
5788	1
5858	1
5939	1
6066	1
6132	1
6260	1
6304	1
6369	1
6396	1
6406	1
6478	1
6519	1
6706	1
6712	1
6945	1
6947	1
7044	1
7087	1
7091	1
7143	1
7145	1
7207	1
7324	1
7437	1
7469	1
7544	1
7703	1
7748	1
7783	1
7916	1
8012	1
8017	1
8081	1
8209	1
8225	1
8233	1
8304	1
8334	1
8341	1
8358	1
8379	1
8381	1
8444	1
8454	1
8495	1
8525	1
8543	1
8639	1
8687	1
8699	1
8791	1
8804	1
8836	1
8904	1
9033	1
9038	1
9082	1
9149	1
9209	1
9262	1
9272	1
9463	1
9476	1
9581	1
9770	1
9888	1
9949	1
9988	1
9990	1
9997	1
10104	1
10118	1
10479	1
10672	1
10695	1
10713	1
10723	1
10744	1
10791	1
10806	1
10856	1
10860	1
10926	1
10958	1
10962	1
10970	1
11140	1
11189	1
11415	1
11421	1
11433	1
11592	1
11698	1
11926	1
11960	1
12134	1
12151	1
12152	1
12162	1
12333	1
12458	1
12500	1
12524	1
12559	1
12563	1
12602	1
12610	1
12633	1
12727	1
12750	1
12760	1
12806	1
12832	1
12935	1
13039	1
13095	1
13131	1
13185	1
13282	1
13366	1
13468	1
13660	1
13661	1
13779	1
14030	1
14170	1
14203	1
14208	1
14349	1
14469	1
14505	1
14574	1
14601	1
14696	1
14849	1
14979	1
15005	1
15168	1
15205	1
15234	1
15352	1
15358	1
15361	1
15484	1
15491	1
15604	1
15623	1
15693	1
15716	1
15742	1
16025	1
16103	1
16126	1
16171	1
16569	1
16722	1
16870	1
16944	1
17002	1
17083	1
17102	1
17167	1
17181	1
17231	1
17448	1
17498	1
17509	1
17629	1
17864	1
17945	1
18046	1
18308	1
18311	1
18323	1
18652	1
18695	1
18709	1
18797	1
18927	1
18987	1
19018	1
19114	1
19152	1
19264	1
19417	1
19489	1
19641	1
19672	1
19755	1
19860	1
19984	1
20117	1
20195	1
20420	1
20483	1
20503	1
20539	1
20843	1
20908	1
20984	1
21042	1
21066	1
21078	1
21156	1
21333	1
21760	1
22103	1
22175	1
22236	1
22267	1
22295	1
22381	1
22418	1
22440	1
22523	1
22629	1
22906	1
22930	1
23064	1
23104	1
23410	1
23618	1
23640	1
23850	1
23915	1
23959	1
24118	1
24151	1
24285	1
24508	1
24734	1
24831	1
24900	1
25067	1
25152	1
25181	1
25249	1
25264	1
25304	1
25307	1
25522	1
25725	1
25816	1
25844	1
25891	1
25899	1
25903	1
26026	1
26137	1
26189	1
26519	1
26543	1
26554	1
26644	1
26857	1
26931	1
26946	1
26952	1
27028	1
27044	1
27258	1
27335	1
27372	1
27502	1
28128	1
28191	1
28192	1
28481	1
28514	1
28758	1
29752	1
30054	1
30064	1
30125	1
30177	1
30537	1
30811	1
30876	1
30917	1
31090	1
31179	1
31277	1
31395	1
32451	1
32726	1
32969	1
33167	1
33259	1
33713	1
33892	1
34089	1
34287	1
34404	1
34745	1
35094	1
35148	1
35358	1
35430	1
35459	1
35808	1
36066	1
36319	1
36602	1
36655	1
37280	1
37726	1
38097	1
38243	1
38895	1
39141	1
39652	1
40408	1
40751	1
40922	1
41015	1
41019	1
41078	1
41182	1
41544	1
41813	1
41874	1
41954	1
41961	1
42136	1
42151	1
42705	1
43117	1
43132	1
43976	1
44883	1
45046	1
45443	1
45457	1
45477	1
46011	1
46197	1
46398	1
46426	1
47192	1
47614	1
47633	1
48440	1
48496	1
48603	1
49516	1
49708	1
49780	1
50123	1
50656	1
50949	1
51301	1
51505	1
52046	1
52145	1
52484	1
53031	1
53057	1
53624	1
53700	1
53863	1
54004	1
54185	1
54966	1
55221	1
55616	1
55671	1
55745	1
56102	1
56726	1
57088	1
57409	1
57691	1
58147	1
58276	1
58345	1
58987	1
59419	1
59464	1
59608	1
60286	1
61170	1
61475	1
61485	1
61566	1
61782	1
61878	1
62411	1
63430	1
63799	1
64135	1
66350	1
66854	1
66976	1
67582	1
68022	1
68227	1
69273	1
70637	1
70674	1
71328	1
71405	1
71483	1
72826	1
72833	1
74196	1
74320	1
74735	1
74743	1
74849	1
75307	1
75600	1
76289	1
76809	1
77625	1
77663	1
78249	1
78316	1
80711	1
81344	1
81572	1
82520	1
82733	1
82898	1
82968	1
83859	1
85116	1
85305	1
85713	1
85904	1
87363	1
87547	1
89090	1
89408	1
89413	1
90250	1
90310	1
91053	1
91070	1
91291	1
92464	1
94110	1
95013	1
149175	1
175316	1
207968	1
215495	1
235911	1
