1785990953.518276119 5732
1785990953.788864487 7428
1785990954.059917873 8388
1785990954.331422477 9764
1785990954.602953149 10628
1785990954.873164228 10758
1785990955.144923301 10758
1785990955.425417592 10758
1785990955.698130311 10760
1785990955.970696231 10760
1785990956.242917385 10760
1785990956.516143790 10760
1785990956.790355613 10760
1785990957.065657574 10760
1785990957.337039899 10760
1785990957.608661424 10760
1785990957.879909627 10760
1785990958.154730772 10760
1785990958.432907740 10760
1785990958.705482815 10760
1785990958.979109884 10760
1785990959.251645678 10760
1785990959.527153190 10760
1785990959.800663457 10760
1785990960.073086408 10760
1785990960.345072112 10760
1785990960.618386977 10760
1785990960.892030606 10760
1785990961.164566193 10760
1785990961.437444465 10760
1785990961.708617178 10760
1785990961.980666178 10760
1785990962.253550685 10760
1785990962.532084808 10760
1785990962.804693803 10760
1785990963.078005246 10760
1785990963.351120061 10760
1785990963.632265299 10760
1785990963.904228859 10760
1785990964.178834663 10760
1785990964.451347821 10760
1785990964.724519969 10760
1785990964.997296511 10760
1785990965.269928789 10760
1785990965.542786202 10760
1785990965.815261404 10760
1785990966.088511517 10760
1785990966.361715146 10760
1785990966.637401773 10760
1785990966.909495266 10760
1785990967.183374667 11176
1785990967.456254066 11240
1785990967.728575575 11336
1785990968.000770568 11336
1785990968.273870255 11336
1785990968.547843097 11336
1785990968.821946441 11336
1785990969.095117310 11336
1785990969.367134842 11336
1785990969.650577182 11336
1785990969.922768096 11336
1785990970.195263040 11336
1785990970.469230190 11336
1785990970.750064619 11336
1785990971.022163246 11336
1785990971.294848268 11336
1785990971.569384225 11336
1785990971.848035712 11336
1785990972.120995902 11336
1785990972.394079967 11336
1785990972.667098878 11336
1785990972.942476682 11336
1785990973.215307099 11336
1785990973.487611049 11336
1785990973.759334435 11336
1785990974.031348530 11336
1785990974.302919708 11336
1785990974.575763767 11336
1785990974.851923963 11336
1785990975.123910375 11336
1785990975.395794457 11336
1785990975.667665637 11336
1785990975.941143002 11336
1785990976.213389251 11336
1785990976.485929646 11336
1785990976.758194978 11336
1785990977.031443325 11336
1785990977.304814284 11336
1785990977.579222646 11336
1785990977.853549906 11336
1785990978.126805466 11336
1785990978.399379571 11336
1785990978.671297787 11336
1785990978.946314201 11336
1785990979.219408105 11336
1785990979.492648052 11336
1785990979.766985591 11336
1785990980.038041985 11336
1785990980.312029598 11336
1785990980.584548373 11336
1785990980.857577023 11336
1785990981.132061097 11336
1785990981.404742243 11336
1785990981.679024998 11336
1785990981.958863591 11336
1785990982.231531474 11336
1785990982.505599923 11336
1785990982.778371056 11336
1785990983.058588295 11336
1785990983.329811817 11336
1785990983.604957158 11336
1785990983.881343812 11336
1785990984.159188695 11336
1785990984.432681496 11336
1785990984.705640019 11336
1785990984.979821158 11336
1785990985.254858158 11336
1785990985.528007497 11336
1785990985.802332413 11336
1785990986.075636725 11336
1785990986.347768598 11336
1785990986.622342691 11336
1785990986.894686116 11336
1785990987.166719950 11336
1785990987.439950182 11336
1785990987.715327501 11336
1785990987.987594728 11336
1785990988.262829351 11336
1785990988.536533383 11336
1785990988.807777188 11368
1785990989.080466816 11368
1785990989.357960930 11368
1785990989.630998227 11368
1785990989.904921120 11368
1785990990.176752546 11368
1785990990.448305875 11368
1785990990.719849200 11368
1785990990.991551027 11368
1785990991.267837144 11368
1785990991.539953845 11368
1785990991.813504284 11368
1785990992.084767975 11368
1785990992.362948277 11368
1785990992.635292067 11368
1785990992.907256602 11368
1785990993.179178731 11368
1785990993.450094900 11368
1785990993.723495540 11368
1785990993.995809958 11368
1785990994.271656760 11368
1785990994.544065645 11368
1785990994.816339121 11368
1785990995.088099726 11368
1785990995.365271374 11368
1785990995.641719637 11368
1785990995.913413568 11368
1785990996.188020030 11368
1785990996.467606113 11368
1785990996.740983360 11368
1785990997.013161667 11368
1785990997.286286744 11368
1785990997.558889759 11368
1785990997.832083226 11368
1785990998.105244750 11368
1785990998.377256267 11368
1785990998.650356875 11368
1785990998.922440646 11368
1785990999.195181462 11368
1785990999.471118580 11368
1785990999.743371427 11368
1785991000.015862021 11368
1785991000.288871233 11368
1785991000.566151564 11368
1785991000.840082430 11368
1785991001.112078662 11368
1785991001.386491990 11368
1785991001.658379120 11368
1785991001.930188997 11368
1785991002.202988556 11368
1785991002.480232337 11368
1785991002.752662655 11368
1785991003.024400503 11368
1785991003.296808148 11368
1785991003.573992221 11368
1785991003.846436213 11368
1785991004.117957538 11368
1785991004.390237136 11368
1785991004.662321580 11368
1785991004.935042797 11368
1785991005.207550177 11368
1785991005.482768579 11368
1785991005.755723175 11368
1785991006.027686332 11400
1785991006.300239935 11400
1785991006.576683516 11400
1785991006.849792725 11400
1785991007.125157041 11400
1785991007.396986034 11400
1785991007.668985836 11400
1785991007.940688059 11400
1785991008.214558584 11400
1785991008.490513762 11400
1785991008.762387311 11400
1785991009.036532086 11400
1785991009.309514459 11400
1785991009.588340878 11400
1785991009.859115096 11400
1785991010.130974424 11400
1785991010.403040765 11400
1785991010.681582380 11400
1785991010.954919921 11400
1785991011.226514069 11400
1785991011.497960051 11400
1785991011.770916304 11400
1785991012.043985598 11400
1785991012.318755813 11400
1785991012.591953815 11400
1785991012.864191270 11400
1785991013.136461352 11400
1785991013.408023989 11400
1785991013.686829821 11400
1785991013.960578107 11400
1785991014.234994252 11400
1785991014.506922151 11400
1785991014.789083085 11400
1785991015.060674063 11400
1785991015.333909079 11400
1785991015.604929132 11400
1785991015.877326663 11400
1785991016.149283267 11400
1785991016.420527914 11400
1785991016.694604188 11400
1785991016.968170241 11400
1785991017.240783741 11400
1785991017.512929224 11400
1785991017.789517782 11400
1785991018.062680953 11400
1785991018.338397178 11400
1785991018.612815508 11400
