1785991841.740650595 5732
1785991842.010181424 7428
1785991842.281225777 8388
1785991842.552433292 9764
1785991842.823323081 11556
1785991843.094981322 11782
1785991843.367839718 14502
1785991843.639514667 14728
1785991843.914031406 15016
1785991844.189294299 18792
1785991844.467225689 19050
1785991844.737722051 19338
1785991845.009225588 19562
1785991845.280881688 19658
1785991845.563701706 19946
1785991845.835181701 19946
1785991846.107650543 19946
1785991846.381896174 19946
1785991846.659400468 19946
1785991846.930167061 19946
1785991847.201828218 19946
1785991847.475553400 19946
1785991847.753064395 19946
1785991848.027508092 19946
1785991848.300460599 19946
1785991848.575291183 19946
1785991848.853741349 19946
1785991849.125032436 19946
1785991849.397379479 19946
1785991849.669513579 19946
1785991849.942325705 19946
1785991850.216694116 19946
1785991850.490091110 19946
1785991850.764662928 19946
1785991851.036025725 19946
1785991851.307904838 19946
1785991851.581088887 19946
1785991851.857505514 19946
1785991852.131003435 19946
1785991852.402621541 19946
1785991852.676310118 19946
1785991852.949232681 19946
1785991853.221176171 19946
1785991853.493430091 19948
1785991853.767072425 19948
1785991854.039441614 19948
1785991854.311745111 19948
1785991854.584411978 19948
1785991854.859352791 19948
1785991855.131730292 19948
1785991855.405776744 19948
1785991855.681438134 19948
1785991855.960780219 19948
1785991856.232898866 19948
1785991856.505726855 19948
1785991856.782391627 19948
1785991857.062087871 19948
1785991857.333536202 19948
1785991857.605576225 19948
1785991857.879446042 19948
1785991858.152835038 19948
1785991858.425247682 19948
1785991858.697617213 19948
1785991858.973190626 19948
1785991859.248839653 19948
1785991859.523443155 19948
1785991859.797172190 19948
1785991860.070355516 19948
1785991860.341969684 19948
1785991860.614287836 19948
1785991860.886768788 19948
1785991861.167805703 19948
1785991861.439915019 19948
1785991861.711449742 19948
1785991861.982294324 19948
1785991862.255537937 19948
1785991862.528906577 19948
1785991862.800461515 19948
1785991863.073793151 19948
1785991863.347364960 19948
1785991863.619646172 19948
1785991863.891900619 19948
1785991864.169370260 19948
1785991864.442924253 19948
1785991864.715109513 19948
1785991864.988136061 19948
1785991865.261735971 19948
1785991865.534400456 19948
1785991865.806556107 19948
1785991866.081303765 19948
1785991866.354685428 19948
1785991866.625936980 19948
1785991866.900479032 19948
1785991867.178737893 19948
1785991867.450934399 19948
1785991867.724352255 19948
1785991867.997920451 19948
1785991868.273957096 19948
1785991868.546836479 19948
1785991868.819324265 19948
1785991869.091258235 19948
1785991869.363667261 19948
1785991869.635926539 19948
1785991869.908048629 19948
1785991870.182072134 19948
1785991870.454649751 19948
1785991870.727957135 19948
1785991871.002728652 19948
1785991871.282003879 19948
1785991871.556096421 19948
1785991871.828456967 19948
1785991872.099916380 19948
1785991872.378661606 19948
1785991872.653209180 19948
1785991872.926346060 19948
1785991873.200772653 19948
1785991873.477592270 19948
1785991873.749713089 19948
1785991874.021103795 19948
1785991874.293792517 19948
1785991874.568520505 19948
1785991874.844214930 19948
1785991875.116949045 19948
1785991875.388247485 19948
1785991875.660104249 19948
1785991875.932962070 20496
1785991876.206797821 20528
1785991876.482162924 20528
1785991876.754294908 20528
1785991877.027063506 20528
1785991877.299233654 20528
1785991877.580009704 20528
1785991877.853032695 20528
1785991878.124189567 20528
1785991878.399926418 20528
1785991878.674457537 20528
1785991878.945999723 20528
1785991879.218408677 20528
1785991879.491277088 20528
1785991879.765240158 20528
1785991880.038052007 20528
1785991880.310833060 20528
1785991880.586039145 20528
1785991880.857837099 20528
1785991881.131081302 20528
1785991881.403848342 20528
1785991881.676429750 20528
1785991881.948264247 20528
1785991882.221842973 20528
1785991882.498013651 20528
1785991882.769330054 20528
1785991883.041418655 20528
1785991883.313409186 20528
1785991883.591160841 20528
1785991883.864113530 20528
1785991884.137076317 20528
1785991884.410234151 20528
1785991884.686653878 20528
1785991884.958848805 20528
1785991885.232959902 20528
1785991885.505087579 20528
1785991885.776953222 20528
1785991886.048616827 20528
1785991886.321328370 20528
1785991886.599835564 20528
1785991886.873099746 20528
1785991887.144742994 20528
1785991887.416088113 20528
1785991887.694267591 20528
1785991887.965867718 20528
1785991888.238455969 20528
1785991888.511568048 20528
1785991888.792113115 20528
1785991889.064401139 20528
1785991889.336566352 20528
1785991889.608651883 20528
1785991889.883254786 20528
1785991890.159339590 20528
1785991890.431183419 20528
1785991890.703224391 20528
1785991890.975887768 20528
1785991891.248024194 20528
1785991891.520626697 20528
1785991891.794584678 20528
1785991892.066786603 20528
1785991892.340118871 20528
1785991892.612094798 20528
1785991892.883967882 20528
1785991893.157004015 20528
1785991893.429899258 20528
1785991893.703692318 20528
1785991893.976506274 20528
1785991894.248779403 20528
1785991894.520707692 20528
1785991894.796657303 20528
1785991895.068298226 20528
1785991895.340972424 20528
1785991895.613655593 20528
1785991895.887143215 20528
1785991896.160126169 20528
1785991896.433491226 20528
1785991896.707646799 20528
1785991896.981026617 20528
1785991897.253588171 20528
1785991897.527010368 20528
1785991897.805999161 20528
1785991898.078503124 20528
1785991898.352064605 20528
1785991898.624050522 20528
1785991898.900629084 20528
1785991899.173866524 20528
1785991899.446301418 20528
1785991899.717636543 20528
1785991899.990106681 20528
1785991900.263131808 20528
1785991900.534517135 20528
1785991900.807720934 20528
1785991901.081146586 20528
1785991901.354439282 20528
1785991901.627842537 20528
1785991901.904380670 20528
1785991902.177579617 20528
1785991902.452188439 20528
1785991902.725714855 20528
1785991903.005403242 20528
1785991903.277846099 20528
1785991903.549829112 20528
1785991903.821978594 20528
1785991904.094382167 20528
1785991904.367482037 20528
1785991904.643037882 20528
1785991904.916282937 20528
1785991905.188187700 20528
1785991905.459986203 20528
1785991905.731871514 20528
1785991906.007311571 20528
1785991906.279777808 20528
