1785990829.684340479 380
1785990829.906578300 676
1785990830.126659418 1476
1785990830.348005168 2244
1785990830.569021532 3396
1785990830.790381926 4580
1785990831.011089653 5540
1785990831.231441826 5732
1785990831.451594859 5732
1785990831.671569931 5732
1785990831.892180092 6948
1785990832.114775120 8260
1785990832.341391587 9572
1785990832.562108520 9764
1785990832.784219020 11556
1785990833.006160166 11782
1785990833.226251344 11910
1785990833.456866609 14630
1785990833.677703127 14856
1785990833.898047144 15016
1785990834.119876039 18984
1785990834.344730824 19242
1785990834.565031826 19402
1785990834.786099860 19626
1785990835.007524713 19818
1785990835.229176952 19946
1785990835.457252336 23662
1785990835.679190467 23790
1785990835.900602298 23854
1785990836.122539441 23886
1785990836.348235738 23918
1785990836.572868531 23950
1785990836.797573775 23982
1785990837.020807800 23982
1785990837.246297288 23982
1785990837.469213162 23982
1785990837.692816738 23982
