1785991567.049903989 5732
1785991567.321604837 7428
1785991567.596826932 8388
1785991567.871957037 9764
1785991568.144391432 11556
1785991568.415061928 11846
1785991568.687688624 14502
1785991568.959953492 14792
1785991569.230686176 15016
1785991569.501824497 15368
1785991569.777885107 15368
1785991570.050063469 15368
1785991570.322789433 15368
1785991570.594736163 15370
1785991570.870958772 15370
1785991571.145342703 15370
1785991571.417765762 15370
1785991571.689822276 15370
1785991571.962539661 15370
1785991572.237222018 15370
1785991572.508938784 15370
1785991572.782048152 15370
1785991573.053466218 15370
1785991573.325814114 15370
1785991573.600640219 15370
1785991573.873577641 15370
1785991574.144892104 15370
1785991574.417450539 15370
1785991574.688999457 15370
1785991574.961527744 15370
1785991575.233958167 15370
1785991575.506045858 15370
1785991575.785372067 15370
1785991576.057751389 15370
1785991576.332158541 15370
1785991576.604912546 15370
1785991576.882951099 15370
1785991577.155824919 15370
1785991577.429402601 15370
1785991577.702120962 15370
1785991577.976732637 15370
1785991578.250595893 15370
1785991578.525345625 15370
1785991578.797252726 15370
1785991579.070022077 15370
1785991579.341929163 15370
1785991579.615354015 15370
1785991579.889720487 15370
1785991580.162185178 15370
1785991580.439098269 15370
1785991580.711951691 15370
1785991580.987398877 15370
1785991581.261498900 15370
1785991581.534736411 15370
1785991581.807177561 15370
1785991582.085514366 15370
1785991582.357773288 15370
1785991582.631530816 15370
1785991582.902926984 15370
1785991583.175324770 15370
1785991583.448621671 15370
1785991583.720224747 15370
1785991583.992278324 15370
1785991584.264137284 15370
1785991584.535973586 15370
1785991584.812066536 15370
1785991585.092683438 15370
1785991585.365175446 15370
1785991585.638170618 15370
1785991585.909791148 15370
1785991586.186127027 15370
1785991586.458239220 15370
1785991586.731466073 15370
1785991587.003020421 15370
1785991587.277357828 15370
1785991587.550252039 15370
1785991587.822225300 15370
1785991588.094406418 15370
1785991588.369954523 15370
1785991588.641660991 15370
1785991588.913720803 15370
1785991589.187691182 15370
1785991589.459809031 15370
1785991589.731382706 15370
1785991590.002293933 15370
1785991590.274635346 15370
1785991590.546387719 15370
1785991590.819734995 15818
1785991591.094655959 15884
1785991591.367031428 15948
1785991591.639169134 15948
1785991591.911615038 15948
1785991592.191670800 15948
1785991592.463756801 15948
1785991592.736927050 15948
1785991593.009445574 15948
1785991593.281744805 15948
1785991593.553359712 15948
1785991593.825228969 15948
1785991594.101772488 15948
1785991594.374021655 15948
1785991594.648844445 15948
1785991594.921623377 15948
1785991595.200644295 15948
1785991595.472942179 15948
1785991595.745567996 15948
1785991596.017738255 15948
1785991596.295738247 15948
1785991596.568740679 15948
1785991596.840167829 15948
1785991597.112093347 15948
1785991597.386017261 15948
1785991597.661456746 15948
1785991597.937730134 15948
1785991598.211883879 15948
1785991598.486115287 15948
1785991598.760811669 15948
1785991599.033115429 15948
1785991599.305495257 15948
1785991599.577565273 15948
1785991599.850346455 15948
1785991600.122020645 15948
1785991600.398146424 15948
1785991600.670820464 15948
1785991600.944125809 15948
1785991601.218524451 15948
1785991601.490578554 15948
1785991601.762905295 15948
1785991602.036113437 15948
1785991602.308661581 15948
1785991602.583334236 15948
1785991602.856567585 15948
1785991603.130853388 15948
1785991603.409943432 15948
1785991603.682812295 15948
1785991603.955845277 15948
1785991604.229856458 15948
1785991604.507765825 15948
1785991604.781334015 15948
1785991605.053545637 15948
1785991605.325797691 15948
1785991605.604571164 15948
1785991605.876493808 15948
1785991606.148792742 15948
1785991606.424854755 15948
1785991606.702443486 15948
1785991606.973880436 15948
1785991607.246841511 15948
1785991607.518620177 15948
1785991607.791161377 15948
1785991608.063632165 15948
1785991608.337416047 15948
1785991608.614107065 15948
1785991608.885821444 15948
1785991609.158188388 15948
1785991609.428968926 15948
1785991609.706914479 15948
1785991609.978432608 15948
1785991610.249679770 15948
1785991610.521024214 15948
1785991610.792596450 15948
1785991611.064481411 15948
1785991611.335635324 15948
1785991611.609275141 15948
1785991611.882006426 15948
1785991612.155066354 15948
1785991612.427015924 15948
1785991612.700187550 15948
1785991612.975907192 15948
1785991613.247647393 15948
1785991613.522048846 15948
1785991613.795184468 15948
1785991614.068261952 15948
1785991614.340799454 15948
1785991614.621212587 15948
1785991614.893567729 15948
1785991615.166026660 15948
1785991615.437987409 15948
1785991615.714194814 15948
1785991615.985788083 15948
1785991616.259906813 15948
1785991616.531892562 15948
1785991616.804542567 15948
1785991617.076129769 15948
1785991617.348956906 15948
1785991617.624968048 15948
1785991617.897912368 15948
1785991618.170049215 15948
1785991618.442486688 15948
1785991618.718128294 15948
1785991618.993758350 15948
1785991619.267629346 15948
1785991619.540274876 15948
1785991619.817368899 15948
1785991620.090941052 15948
1785991620.363287909 15948
1785991620.635683206 15948
1785991620.907489027 15948
1785991621.183129145 15948
1785991621.455654005 15948
1785991621.729565390 15948
1785991622.000736789 15948
1785991622.273335230 15948
1785991622.545671324 15948
1785991622.819563958 15948
1785991623.091297759 15948
1785991623.362879824 15948
1785991623.636713461 15948
1785991623.909972607 15948
1785991624.181913380 15948
1785991624.454427082 15948
1785991624.729521663 15948
1785991625.000949743 15948
1785991625.275594728 15948
1785991625.550965191 15948
1785991625.829892104 15948
1785991626.103114947 15948
1785991626.376424476 15948
1785991626.649404404 15948
1785991626.923451786 15948
1785991627.196383525 15948
1785991627.468421692 15948
1785991627.740967848 15948
1785991628.015201444 15948
1785991628.287764007 15948
1785991628.559843270 15948
1785991628.832898905 15948
1785991629.104997129 15948
1785991629.377284292 15948
1785991629.649635942 15948
1785991629.926831171 15948
1785991630.199428797 15948
1785991630.471714989 15948
1785991630.745854002 15948
1785991631.027250494 15948
1785991631.298932399 15948
