236929
107
236761
236779
496
1018
2165
506
236829
139
529
66515
568
108
531
2595
236764
236778
532
140
236772
138
562
573
236800
623
20442
236775
236770
563
769
236768
1030
653
236787
818
75118
236743
10354
48573
115768
669
13768
236812
3393
53121
18833
149072
236820
600
2028
21233
2483
3530
528
43999
236769
1292
1787
17690
97008
580
768
13855
3453
59395
236756
236825
9831
15543
19609
8347
614
236760
5577
23892
699
5213
1262
4968
236828
1458
73962
236786
1480
6571
236744
1131
67234
1714
4661
21817
618
1883
2495
7906
236880
684
4728
625
1456
577
4185
833
1548
8433
14860
659
1473
5708
6471
13179
236751
236810
2721
54557
236789
672
1859
3245
3896
13733
1550
4428
58583
236759
236792
1455
156802
1126
1174
3165
34356
1156
2129
2479
4116
5450
236749
607
5905
39937
78885
236757
236771
2425
2731
3494
10241
19171
34711
2744
4547
7016
182377
236753
236813
1534
3847
12627
13217
67347
779
2351
3958
7623
8583
10434
22736
8370
9336
10445
15081
18441
32489
59740
236780
1298
1437
1708
2456
2558
3947
4092
6518
10916
14955
26005
711
837
951
1217
1463
1657
5402
14628
15168
18224
22606
27407
28436
236796
1607
1873
3275
4716
4735
5464
12130
18222
18710
19301
90841
236788
1133
2979
3169
3921
4077
5151
5585
8134
8739
9483
12316
112994
145300
990
1071
2552
2651
3161
3904
4341
8369
10861
17718
21739
42195
49321
67908
132066
149681
211661
236840
236847
517
877
1186
1374
1699
3135
3363
4403
4512
5282
6054
6675
6678
10761
11995
14736
17185
17585
18256
21376
23448
23465
37376
236823
236842
612
861
886
912
1171
2002
3112
3550
6137
6990
7132
7291
7412
7751
9103
9352
12977
16812
34841
49145
56198
62577
62902
93957
102372
215369
236745
236746
1340
1494
1651
2543
3546
3759
4820
5025
5249
6145
6381
7216
7723
8545
9620
12655
13761
15298
16614
19331
22160
23521
25232
25475
27650
30449
31385
32172
35879
36371
37785
71761
236747
498
693
827
1027
1201
1343
1373
1527
1551
1594
1680
1722
1816
2238
2289
2337
2630
2644
2864
3103
3397
3618
3707
3825
5158
5783
5909
6237
6803
6868
7240
8538
8925
9282
9401
13376
14525
15424
17096
17295
18572
18761
19079
20269
22823
23560
23669
25093
25843
28245
32377
32936
33228
36803
83213
104750
108176
125953
166233
181043
236781
236793
236799
236814
495
504
522
540
657
721
840
901
965
994
1005
1061
1076
1089
1178
1523
1546
1637
1694
1844
1874
1921
1948
2086
2192
2201
2802
2847
2861
3361
3418
3456
3731
3755
3938
4209
4458
4596
4681
4744
4945
4991
5140
5330
6060
6178
6966
7501
8028
8176
8487
9279
9688
11295
12773
13571
13653
15468
15612
16587
17070
18084
18557
19993
22680
22697
22828
24905
25568
27288
28399
29262
32061
32186
36733
61388
62606
84750
99161
110444
115230
132182
155192
236755
236758
236809
524
702
767
815
851
981
1010
1032
1048
1090
1114
1161
1299
1354
1385
1399
1646
1677
1730
1800
1806
1916
1984
1996
2084
2338
2401
2426
2471
2478
2678
3678
3771
3991
4290
4368
4606
5065
6078
6230
6509
6530
6875
6985
7659
7713
7738
9179
9245
9299
9798
9855
10181
10298
11112
11345
11563
11679
12203
12804
13272
14272
15446
15819
16358
17507
20524
20838
21318
21417
21558
21940
25630
25774
26556
29869
31044
31744
31846
32306
35917
41468
41575
52065
53923
54369
57103
69508
92034
110913
111359
236766
236795
236811
559
609
725
774
838
894
910
1239
1282
1296
1356
1364
1540
1638
1734
1899
1908
1913
1944
1951
2182
2307
2335
2440
2497
2690
2708
2812
3004
3014
3041
3051
3246
3355
3736
3738
3997
4241
4275
4405
4503
4771
5022
5074
5088
5132
5143
5455
5671
5675
5853
5953
6097
6113
6352
6541
7014
7117
7283
7394
7444
7545
7610
7728
7945
9108
9724
9842
9896
9918
9960
10040
11303
11306
11550
11746
11879
12160
12220
12229
12539
13237
13269
13803
13818
14245
14616
15166
15396
15573
16329
16710
16972
17234
17661
17674
18060
18088
18186
18922
19070
19165
19346
19836
21299
22373
22536
22591
23251
26626
27364
27475
27897
28122
28725
30825
31035
31794
32050
32677
33211
33563
33763
34384
35245
37478
37822
38180
46723
49751
58089
64340
66608
67969
72160
73007
78822
79402
82956
83563
85005
105227
110306
112636
113749
116773
118821
126641
134702
147121
156492
178423
183803
195601
198672
208045
212922
225266
236773
236776
236797
500
516
605
666
667
670
691
704
740
742
795
810
825
855
872
874
1065
1101
1135
1346
1425
1451
1508
1609
1618
1676
1712
1763
1765
1786
1845
1929
2016
2094
2121
2180
2246
2301
2416
2427
2430
2760
2763
2865
2939
2962
2998
3225
3298
3328
3480
3558
3572
3753
3801
3931
3996
4060
4065
4122
4248
4253
4266
4323
4453
4518
4576
4583
4710
4865
4921
4981
5106
5411
5420
5467
5482
5552
5618
5633
5646
5690
5900
6005
6478
6572
6614
6630
6639
6651
6953
7313
7352
7508
7519
7669
7930
7996
8021
8182
8299
8398
8430
8512
8514
8616
8701
8784
8970
9000
9113
9173
9223
9395
9427
9533
9567
9825
10401
10512
10616
10654
10808
11082
11172
11184
11214
11427
11497
11802
11813
12053
12093
12415
12496
12703
12853
13267
13317
13333
13479
13718
14004
14150
14170
14785
14988
15080
15605
15633
15808
15965
16074
16294
16298
16333
17114
17846
18001
18085
18271
18544
18558
18855
19319
19360
19495
20156
20558
20624
20836
20888
20938
20954
22011
22141
22267
22360
22798
23485
23721
23906
25010
25869
26272
26401
26943
27768
27807
29089
29164
29179
30184
31236
31517
32916
34348
35265
35516
37073
37087
37115
38264
39309
39888
40090
40574
41084
41483
45047
45355
47149
47223
50396
53255
53970
55386
55747
57375
57569
61836
64745
65794
67423
67856
69262
70149
70602
72698
78200
79910
84875
87295
91334
93356
101535
104026
106327
113416
114808
120956
123281
124655
147224
165532
169062
169947
179660
196983
202427
202816
206780
236754
236763
236836
507
514
518
544
547
565
588
590
601
602
613
633
639
665
675
707
712
735
736
776
808
858
860
866
932
975
979
992
1003
1025
1056
1080
1082
1087
1149
1181
1187
1204
1345
1352
1393
1418
1440
1528
1595
1623
1626
1683
1724
1781
1811
1855
1894
1906
1928
1930
2023
2098
2101
2135
2148
2154
2157
2174
2204
2228
2263
2264
2352
2383
2394
2404
2413
2433
2455
2460
2473
2487
2514
2524
2536
2633
2662
2669
2870
3016
3119
3141
3149
3202
3255
3259
3283
3294
3350
3357
3408
3423
3469
3498
3499
3516
3527
3620
3643
3715
3746
3762
3763
3775
3797
3841
3927
3957
4044
4087
4187
4256
4260
4342
4360
4530
4588
4605
4610
4709
4749
4776
4792
4907
4927
4940
4954
4957
5001
5059
5098
5127
5221
5238
5325
5354
5384
5396
5405
5508
5510
5515
5521
5529
5559
5609
5734
5743
5862
5957
5986
6010
6035
6047
6161
6163
6192
6264
6265
6310
6340
6413
6514
6595
6655
6658
6727
6759
6910
6915
6995
7081
7211
7234
7310
7414
7558
7579
7589
7650
7655
7689
7710
7835
7846
7853
7868
8069
8323
8344
8411
8417
8481
8534
8540
8554
8678
8688
8689
8729
8798
8912
8968
9088
9139
9146
9168
9258
9273
9313
9314
9340
9381
9622
9647
9661
9714
9944
10065
10098
10108
10396
10448
10452
10509
10518
10617
10619
10664
10728
10774
11196
11233
11273
11325
11387
11402
11628
11716
11725
11734
11808
11848
11990
12032
12239
12247
12323
12367
12474
12692
12765
12881
12892
13018
13074
13205
13271
13321
13587
13616
13740
13769
14274
14491
14494
14701
14820
14906
14946
14980
15018
15143
15162
15195
15218
15282
15323
15539
15979
16412
16496
16688
16694
16793
16882
16887
17420
17601
17755
17934
17977
18033
18276
18330
18582
18819
18907
19052
19246
19385
19455
19461
19475
19477
19547
19681
20150
20579
20651
20774
20943
20952
20974
21108
21424
21877
21891
22039
22057
22167
22454
22695
23077
23093
23358
23994
24240
24422
24576
24968
25378
25521
25565
25864
26286
26379
26867
27521
27864
27928
28331
28487
28707
28865
28962
29125
29193
29552
29839
29888
30314
30554
30656
31115
31861
32892
33955
34343
34436
34599
34818
34961
35322
35904
36554
36778
36865
36975
37030
37737
37778
38038
38357
38485
38649
38659
38885
39385
39705
39716
39799
40155
40530
40604
40693
41209
42669
43258
43297
43887
44310
44526
46037
46866
48486
49266
49801
50248
50781
51287
51290
51691
53359
53402
54606
55070
56506
57137
57764
58930
59285
59478
60220
60423
60548
61734
61959
63508
64425
64686
67505
68034
68171
68378
69850
70797
71597
72174
72471
72655
75777
76843
77951
78777
79105
79187
79767
80864
81145
81344
82943
83042
85130
86097
86155
86416
87074
87121
88293
90500
94955
95905
96205
98644
104217
106644
108868
109532
109744
114248
119727
121019
121075
121618
122980
126083
126240
127454
129865
130968
134512
135932
138212
139218
143534
143817
146007
146233
149674
149981
154909
157358
164742
166351
167076
167691
170826
175460
178643
179846
190236
190458
195800
198504
208253
214135
222935
227490
231090
236762
236765
236767
236798
236806
236917
502
505
508
511
536
548
564
567
578
584
595
621
643
644
645
649
681
696
716
738
751
753
784
787
790
823
828
835
870
885
900
902
923
964
972
974
976
989
998
1012
1020
1024
1091
1124
1140
1144
1159
1163
1166
1193
1203
1229
1246
1257
1264
1277
1288
1289
1294
1308
1309
1325
1335
1338
1353
1357
1366
1369
1415
1447
1479
1502
1509
1521
1547
1555
1569
1604
1635
1655
1660
1662
1674
1679
1689
1698
1700
1735
1749
1755
1759
1768
1774
1780
1854
1900
1942
1966
1982
1987
1988
2003
2025
2068
2074
2104
2132
2139
2145
2195
2203
2217
2256
2266
2311
2324
2342
2354
2364
2372
2378
2462
2466
2489
2517
2523
2546
2557
2599
2617
2619
2643
2663
2712
2742
2754
2779
2788
2807
2811
2827
2834
2844
2846
2849
2850
2906
2907
2921
2926
2949
2953
2980
3011
3026
3059
3061
3066
3068
3117
3128
3129
3153
3182
3195
3224
3243
3258
3278
3284
3303
3334
3360
3419
3426
3432
3435
3449
3463
3472
3474
3479
3487
3503
3505
3507
3523
3548
3549
3567
3593
3600
3622
3629
3635
3638
3649
3651
3654
3671
3676
3694
3709
3711
3718
3721
3723
3739
3798
3819
3840
3843
3883
3906
3914
3932
3949
3955
3967
4006
4024
4033
4038
4063
4068
4076
4113
4117
4127
4135
4160
4182
4186
4191
4204
4206
4218
4300
4319
4338
4354
4374
4375
4406
4424
4448
4464
4477
4481
4521
4554
4603
4615
4671
4691
4740
4764
4773
4781
4861
4868
4874
4881
4889
4903
4926
4959
4970
5028
5093
5099
5192
5280
5296
5313
5368
5375
5415
5431
5439
5445
5468
5495
5532
5565
5569
5571
5603
5630
5640
5672
5676
5686
5700
5766
5778
5829
5872
5904
5985
5989
6013
6020
6049
6055
6076
6077
6079
6082
6084
6131
6171
6185
6196
6223
6250
6268
6306
6323
6338
6366
6373
6449
6463
6477
6484
6511
6534
6555
6585
6590
6596
6607
6623
6641
6730
6789
6794
6811
6916
6980
6984
7011
7041
7066
7090
7093
7100
7102
7107
7121
7140
7152
7157
7162
7232
7257
7274
7298
7321
7359
7382
7419
7476
7488
7489
7513
7565
7585
7588
7593
7609
7618
7629
7674
7683
7715
7741
7757
7843
7918
7924
8121
8123
8143
8242
8306
8322
8345
8355
8385
8395
8424
8468
8485
8535
8544
8572
8585
8606
8610
8659
8744
8777
8800
8809
8813
8818
8859
8948
8960
9067
9074
9093
9116
9155
9181
9207
9238
9239
9255
9259
9342
9402
9410
9460
9463
9603
9626
9644
9657
9670
9703
9743
9796
9815
9834
9841
9900
9911
9913
9920
9935
9939
9948
9958
9964
10075
10165
10166
10176
10212
10227
10270
10418
10428
10508
10584
10593
10634
10639
10659
10683
10795
10819
10828
10842
10852
10855
10884
10944
10960
10981
10999
11072
11105
11110
11138
11147
11179
11240
11242
11299
11310
11332
11363
11374
11411
11447
11456
11480
11554
11649
11842
11858
11908
11918
11942
11974
12002
12011
12027
12059
12155
12205
12262
12263
12282
12284
12308
12362
12434
12502
12518
12647
12672
12718
12806
12880
12939
12952
13029
13031
13049
13052
13065
13113
13120
13132
13138
13140
13142
13149
13199
13264
13324
13443
13450
13546
13548
13554
13564
13579
13665
13720
13884
13946
13954
13981
14019
14063
14070
14120
14210
14239
14248
14287
14314
14347
14349
14376
14481
14511
14566
14686
14722
14727
14757
14787
14806
14846
14875
14938
15048
15059
15233
15283
15313
15332
15375
15516
15595
15638
15639
15676
15685
15724
15727
15830
15834
15858
15868
15941
15953
15967
16008
16080
16153
16182
16187
16227
16257
16258
16417
16445
16469
16505
16518
16603
16616
16648
16720
16730
16807
16819
16848
16890
16935
16952
16996
17047
17102
17186
17269
17366
17368
17373
17482
17503
17579
17581
17605
17637
17789
17793
17856
17868
17982
18090
18196
18212
18325
18332
18339
18345
18437
18450
18510
18515
18531
18532
18691
18731
18756
18774
18779
18838
18840
18998
19009
19040
19057
19125
19153
19163
19178
19180
19243
19284
19372
19460
19469
19541
19615
19639
19648
19696
19703
19707
19754
19830
19874
19877
19878
19904
19924
19945
20124
20170
20214
20226
20239
20253
20256
20257
20274
20340
20341
20387
20478
20480
20522
20626
20638
20660
20673
20701
20723
20793
20828
20843
20880
20884
21003
21052
21238
21323
21372
21375
21439
21459
21648
21706
21856
21862
21913
21982
22020
22093
22094
22163
22308
22327
22425
22435
22437
22541
22600
22690
22743
22745
22758
22768
22831
22926
22988
23219
23227
23493
23590
23897
23949
23972
24121
24176
24220
24232
24259
24271
24381
24433
24482
24554
24723
24760
24859
24987
25015
25027
25119
25216
25276
25386
25422
25425
25477
25519
25725
25805
25834
25889
26002
26021
26080
26303
26393
26439
26488
26584
26623
26647
26891
26955
27104
27187
27390
27497
27552
27592
27594
27672
27711
27770
27791
27857
28230
28301
28316
28402
28546
28606
28671
28700
28714
28788
28925
29033
29066
29100
29181
29184
29197
29245
29426
29527
29528
29641
29645
29694
29775
29792
29899
30024
30050
30121
30124
30356
30389
30705
30726
30828
30846
30895
30903
30943
31145
31150
31156
31162
31164
31213
31314
31363
31466
31519
31531
31534
31652
31759
31770
31832
31945
31983
32043
32114
32136
32149
32177
32236
32308
32321
32479
32618
32622
32635
32675
32793
32839
32873
33007
33032
33050
33086
33186
33207
33231
33361
33915
33950
34043
34064
34066
34203
34246
34280
34520
34521
34684
34706
34759
34777
34951
34982
34986
35003
35129
35135
35141
35254
35292
35405
35522
35699
35736
35756
35850
36104
36225
36325
36345
36513
36526
36702
36774
36809
37007
37180
37223
37313
37339
37521
37974
38167
38608
38833
38881
39083
39119
39144
39247
39252
39358
39604
39673
39698
39794
39844
39952
40039
40121
40309
40656
40740
40826
41346
41348
41719
41720
41802
41959
41973
42067
42124
42301
42352
42452
42636
42674
42945
43036
43044
43081
43216
43289
43363
43843
43928
43983
44194
44251
44275
44484
44669
44700
44852
44952
45096
45208
45209
45271
45330
45332
45505
45543
45581
45762
45898
45981
46218
46247
46449
46770
46849
47156
47622
47817
47892
48029
48425
48578
48656
48699
48835
49483
49832
50263
50384
50422
50561
50581
50724
51139
51360
51505
51534
51581
51628
51671
51787
52025
52031
52202
52475
52725
52726
52768
52800
52807
53159
53211
53573
53699
53892
54089
54198
54338
54514
54539
54655
54670
55055
55163
55191
55348
55631
55689
55975
57146
58035
58193
58450
58466
58921
58935
59034
59162
59360
59471
59677
59946
59959
60432
60480
60583
60766
61161
61216
61220
61733
61872
61925
62239
62267
62547
62609
62833
62873
62886
62919
63103
63176
63295
63634
63823
64997
65284
65682
66814
67122
67645
67692
67931
68428
68535
69280
69301
69473
69700
69731
69984
70216
70741
70949
71009
71038
71195
71295
71653
71851
72021
73061
73093
73118
73712
73734
73854
74010
74477
74935
75039
76790
76881
76941
77387
77670
77926
78166
78640
78915
79101
79212
79226
79597
80061
80497
80820
81573
82244
82839
82977
83079
83222
83616
84438
84613
84953
85363
85373
86172
86249
86457
86562
86604
86645
86959
86973
87305
88048
88382
88477
88711
89429
89660
89721
90040
90520
90718
91798
92056
92371
92875
92961
93390
93621
94333
94379
94435
94517
94624
95605
96218
96460
97669
98469
98624
99382
99885
100293
100818
101108
101921
102229
102655
102768
103416
103593
104755
104807
105371
105993
106354
106924
107018
107084
107097
108467
108710
108729
109122
109654
109907
111038
111457
112440
112501
113114
113122
114081
114108
114465
114653
117787
117839
117862
118155
118347
118364
118817
119542
119743
120360
120609
121203
121859
122509
124427
124790
125328
125433
125513
125546
125698
125757
126534
126672
127606
127787
129002
129102
129667
130214
130904
131657
132187
132632
133230
134583
134878
135127
135206
137032
138648
139314
140153
140378
140435
141657
143491
143542
145435
146139
146167
146888
147034
148373
148625
150440
150537
150567
152744
152884
155962
156303
156318
156796
157433
159074
159328
159652
159769
161706
163365
165022
165522
165915
167266
167464
168159
168717
168984
170132
170171
170729
170731
170849
171194
171439
171451
171860
172016
174064
175558
176222
177169
178600
179872
180784
181337
183288
183660
183908
184676
184895
188928
190909
191007
191870
191979
192174
196331
198164
198824
201318
202395
202993
204252
205185
207080
207805
208211
208394
208889
209306
209654
211053
211827
211958
213780
214453
215509
216434
216791
216811
217349
219045
219610
223772
225347
225571
225920
227419
232647
233825
235856
236750
236752
236774
236785
236802
236832
236881
236909
236935
237028
0
1
2
3
4
5
6
7
8
9
10
11
12
13
14
15
16
17
18
19
20
21
22
23
24
25
26
27
28
29
30
31
32
33
34
35
36
37
38
39
40
41
42
43
44
45
46
47
48
49
50
51
52
53
54
55
56
57
58
59
60
61
62
63
64
65
66
67
68
69
70
71
72
73
74
75
76
77
78
79
80
81
82
83
84
85
86
87
88
89
90
91
92
93
94
95
96
97
98
99
100
101
102
103
104
105
106
109
110
111
112
113
114
115
116
117
118
119
120
121
122
123
124
125
126
127
128
129
130
131
132
133
134
135
136
137
141
142
143
144
145
146
147
148
149
150
151
152
153
154
155
156
157
158
159
160
161
162
163
164
165
166
167
168
169
170
171
172
173
174
175
176
177
178
179
180
181
182
183
184
185
186
187
188
189
190
191
192
193
194
195
196
197
198
199
200
201
202
203
204
205
206
207
208
209
210
211
212
213
214
215
216
217
218
219
220
221
222
223
224
225
226
227
228
229
230
231
232
233
234
235
236
237
238
239
240
241
242
243
244
245
246
247
248
249
250
251
252
253
254
255
256
257
258
259
260
261
262
263
264
265
266
267
268
269
270
271
272
273
274
275
276
277
278
279
280
281
282
283
284
285
286
287
288
289
290
291
292
293
294
295
296
297
298
299
300
301
302
303
304
305
306
307
308
309
310
311
312
313
314
315
316
317
318
319
320
321
322
323
324
325
326
327
328
329
330
331
332
333
334
335
336
337
338
339
340
341
342
343
344
345
346
347
348
349
350
351
352
353
354
355
356
357
358
359
360
361
362
363
364
365
366
367
368
369
370
371
372
373
374
375
376
377
378
379
380
381
382
383
384
385
386
387
388
389
390
391
392
393
394
395
396
397
398
399
400
401
402
403
404
405
406
407
408
409
410
411
412
413
414
415
416
417
418
419
420
421
422
423
424
425
426
427
428
429
430
431
432
433
434
435
436
437
438
439
440
441
442
443
444
445
446
447
448
449
450
451
452
453
454
455
456
457
458
459
460
461
462
463
464
465
466
467
468
469
470
471
472
473
474
475
476
477
478
479
480
481
482
483
484
485
486
487
488
489
490
491
492
493
494
497
499
501
503
509
510
512
513
515
519
520
521
523
525
526
527
530
533
534
535
537
538
539
541
542
543
545
546
549
550
551
552
553
554
555
556
557
558
560
561
566
569
570
571
572
574
575
576
579
581
582
583
585
586
587
589
591
592
593
594
596
597
598
599
603
604
606
608
610
611
615
616
617
619
620
622
624
626
627
628
629
630
631
632
634
635
636
637
638
640
641
642
646
647
648
650
651
652
654
655
656
658
660
661
662
663
664
668
671
673
674
676
677
678
679
680
682
683
685
686
687
688
689
690
692
694
695
697
698
700
701
703
705
706
708
709
710
713
714
715
717
718
719
720
722
723
724
726
727
728
729
730
731
732
733
734
737
739
741
743
744
745
746
747
748
749
750
752
754
755
756
757
758
759
760
761
762
763
764
765
766
770
771
772
773
775
777
778
780
781
782
783
785
786
788
789
791
792
793
794
796
797
798
799
800
801
802
803
804
805
806
807
809
811
812
813
814
816
817
819
820
821
822
824
826
829
830
831
832
834
836
839
841
842
843
844
845
846
847
848
849
850
852
853
854
856
857
859
862
863
864
865
867
868
869
871
873
875
876
878
879
880
881
882
883
884
887
888
889
890
891
892
893
895
896
897
898
899
903
904
905
906
907
908
909
911
913
914
915
916
917
918
919
920
921
922
924
925
926
927
928
929
930
931
933
934
935
936
937
938
939
940
941
942
943
944
945
946
947
948
949
950
952
953
954
955
956
957
958
959
960
961
962
963
966
967
968
969
970
971
973
977
978
980
982
983
984
985
986
987
988
991
993
995
996
997
999
1000
1001
1002
1004
1006
1007
1008
1009
1011
1013
1014
1015
1016
1017
1019
1021
1022
1023
1026
1028
1029
1031
1033
1034
1035
1036
1037
1038
1039
1040
1041
1042
1043
1044
1045
1046
1047
1049
1050
1051
1052
1053
1054
1055
1057
1058
1059
1060
1062
1063
1064
1066
1067
1068
1069
1070
1072
1073
1074
1075
1077
1078
1079
1081
1083
1084
1085
1086
1088
1092
1093
1094
1095
1096
1097
1098
1099
1100
1102
1103
1104
1105
1106
1107
1108
1109
1110
1111
1112
1113
1115
1116
1117
1118
1119
1120
1121
1122
1123
1125
1127
1128
1129
1130
1132
1134
1136
1137
1138
1139
1141
1142
1143
1145
1146
1147
1148
1150
1151
1152
1153
1154
1155
1157
1158
1160
1162
1164
1165
1167
1168
1169
1170
1172
1173
1175
1176
1177
1179
1180
1182
1183
1184
1185
1188
1189
1190
1191
1192
1194
1195
1196
1197
1198
1199
1200
1202
1205
1206
1207
1208
1209
1210
1211
1212
1213
1214
1215
1216
1218
1219
1220
1221
1222
1223
1224
1225
1226
1227
1228
1230
1231
1232
1233
1234
1235
1236
1237
1238
1240
1241
1242
1243
1244
1245
1247
1248
1249
1250
1251
1252
1253
1254
1255
1256
1258
1259
1260
1261
1263
1265
1266
1267
1268
1269
1270
1271
1272
1273
1274
1275
1276
1278
1279
1280
1281
1283
1284
1285
1286
1287
1290
1291
1293
1295
1297
1300
1301
1302
1303
1304
1305
1306
1307
1310
1311
1312
1313
1314
1315
1316
1317
1318
1319
1320
1321
1322
1323
1324
1326
1327
1328
1329
1330
1331
1332
1333
1334
1336
1337
1339
1341
1342
1344
1347
1348
1349
1350
1351
1355
1358
1359
1360
1361
1362
1363
1365
1367
1368
1370
1371
1372
1375
1376
1377
1378
1379
1380
1381
1382
1383
1384
1386
1387
1388
1389
1390
1391
1392
1394
1395
1396
1397
1398
1400
1401
1402
1403
1404
1405
1406
1407
1408
1409
1410
1411
1412
1413
1414
1416
1417
1419
1420
1421
1422
1423
1424
1426
1427
1428
1429
1430
1431
1432
1433
1434
1435
1436
1438
1439
1441
1442
1443
1444
1445
1446
1448
1449
1450
1452
1453
