0 75 129,132,38,21,213,253,244,193,112,238,200,173,43,95,139,30,192,187,115,81,235,112,86,72,238,112,43,147,106,120,99,56,210,84,228,93,14,102,240,147,181,107,82,251,68,99,147,39,70,24,109,151,222,28,55,36,13,20,159,174,199,224,116,31,11,226,185,68,117,187,128,96,122,1,218,212,65,3,136,33,134,151,70,199,1,239,231,192,123,249,196,105,229,216,7,197,137,130,103,201,248,71,213,32,81,235,115,158,47,253,208,141,193,54,44,21,38,156,53,176,156,48,131,103,176,149,30,236,206,81,140,95,67,200,30,115,77,184,37,173,238,138,26,112,115,81,140,206,95,235,192,86,129,132,38,21,213,253,244,193,112,238,200,173,43,95,139,30,192,187,115,81,235,112,86,72,238,112,43,147,106,120,99,56,210,84,228,93,14,102,240,147,70,222,151,28,13,231,31,120,131,148,13,11,135,120,78,223,156,167,220,94,52,132,58,38,156,17,220,53,52,131,247,15,220,209,17,159,53,240,247,98,11,51,49,153,22,85,146,247,47,222,163,28,192,81,203,20,11,226,185,68,187,146,117,128,122,1,218,212,65,3,136,33,134,151,70,199,192,231,1,239,123,249,196,105,229,216,7,197,106,66,46,218,212,22,157,32,92,155,188,144,172,147,234,186,40,233,93,147,127,250,157,136,78,223,135,89,148,163,177,127,54,220,156,52,198,241,159,17,17,247,209,159,53,156,234,52,234,92,155,13,199,5,223,186,70,223,13,28,20,222,199,234,13,159,124,220,174,116,5,69,142,166,97,113,205,123,150,210,66,147,106,127,233,40,6,157,218,212,65,157,110,250,33,136,20,55,134,151,199,76,192,124,234,20,146,13,28,192,223,76,86,41,29,218,2,115,20,65,142,166,97,113,205,123,67,150,106,22,153,6,51,49,85,66,40,147,233,127,136,157,33,110,47,208,222,163,20,192,177,28,13,155,124,76,20,199,234,31,13,204,174,178,159,116,70,20,234,92,155,186,13,192,204,62,117,187,11,40,185,172,171,121,136,241,78,56,68,89,33,18,41,36,134,20,222,29,81,2,20,13,192,175,161,67,74,76,172,234,188,111,92,155,186,187,185,187,172,29,117,121,223,40,136,78,18,241,56,89,68,227,36,47,134,203,20,208,81,237,142,166,113,97,123,205,150,215,106,22,6,153,51,49,66,85,172,111,188,92,121,144,63,234,181,82,107,251,255,68,246,39,41,24,29,109,2,76,20,86,199,31,13,175,159,74,55,178,93,226,96,247,11,171,80,107,208,41,222,28,2,20,139,81,20,13,31,28,159,55,192,116,13,20,174,199,31,220,76,204
1 75 214,161,148,110,151,212,90,39,214,58,19,250,243,163,112,125,214,172,16,137,112,147,94,250,112,19,205,182,143,86,224,1,112,182,195,205,199,97,19,143,16,234,183,96,205,40,57,170,236,226,205,170,22,90,77,72,104,236,141,114,49,246,232,69,66,169,123,81,236,13,43,232,153,28,190,98,166,205,202,165,41,116,15,101,6,205,154,97,11,231,107,27,225,205,155,150,250,112,103,110,205,25,129,74,82,119,137,112,250,94,172,224,205,172,138,250,207,129,147,148,112,172,127,214,129,250,94,224,250,112,11,224,94,128,172,19,214,112,172,250,224,147,129,94,112,94,250,224,172,19,129,147,214,161,148,110,151,212,90,39,214,58,19,250,243,163,112,125,214,172,16,137,112,147,94,250,112,19,205,182,143,86,224,1,112,182,195,205,199,97,19,143,153,205,48,40,9,8,170,70,132,11,1,232,26,80,23,114,132,34,26,11,114,253,80,141,253,132,34,114,11,26,130,209,114,132,34,253,26,95,69,174,169,123,87,223,155,5,174,171,153,143,114,63,98,3,255,69,169,66,13,123,43,81,232,202,190,153,28,98,205,166,170,202,41,116,15,101,205,6,154,170,11,231,27,225,107,205,155,150,112,124,205,128,19,86,250,224,97,205,189,230,195,79,112,128,234,183,40,98,96,16,81,57,153,63,1,178,241,167,205,103,63,178,198,126,70,29,67,131,69,49,174,61,63,114,83,17,43,66,123,198,3,141,232,251,153,203,7,238,48,38,205,170,88,23,80,131,253,114,158,17,26,87,34,187,5,11,75,155,191,189,250,224,86,205,98,170,79,63,92,98,165,157,134,230,101,22,27,50,231,49,238,68,8,66,29,175,178,162,126,232,8,40,50,96,13,120,183,206,34,26,87,75,59,11,187,227,250,223,155,224,112,197,189,5,189,224,98,112,250,170,234,128,101,132,16,85,114,153,11,34,141,80,174,49,232,246,204,50,174,16,49,162,141,222,80,10,198,61,43,123,66,195,95,164,81,183,40,13,98,96,43,169,134,88,119,166,179,135,6,228,35,60,254,101,241,208,186,190,100,44,71,80,251,3,235,49,66,198,232,43,162,141,133,194,13,183,81,230,169,198,66,91,166,88,228,183,79,6,119,186,254,95,52,68,101,215,109,190,34,26,11,59,187,75,132,181,250,224,112,155,223,189,129,147,189,112,255,198,98,170,202,205,183,234,40,170,221,209,96,67,226,236,238,22,69,145,100,204,49,44,236,69,2,235,245,23,2,169,236,16,195,81,107,133,69,153,95,114,68,52,215,109,44,235,69,144,32,23,185,80,141,80,174,49,123,162,10,246
2 75 138,197,222,85,202,144,168,104,29,27,85,233,197,11,179,243,153,41,129,204,231,123,106,165,11,217,133,187,60,49,58,170,11,133,217,92,187,60,158,49,253,158,120,39,106,129,191,179,158,253,221,120,193,216,5,3,162,145,158,169,19,80,241,122,158,241,122,164,90,208,130,172,158,47,185,96,125,22,122,139,96,158,47,48,180,3,71,143,158,180,249,96,109,179,39,210,158,10,109,34,88,179,106,210,158,217,179,41,153,233,109,128,158,41,217,153,233,179,171,1,158,153,41,179,49,11,219,217,158,167,153,109,179,10,41,93,153,219,158,217,49,11,41,167,153,41,129,106,11,29,158,217,138,197,222,85,202,144,168,104,29,27,85,233,197,11,179,243,153,41,129,204,231,123,106,165,11,217,133,187,60,49,58,170,11,133,217,92,187,60,158,49,216,253,193,158,187,120,228,58,196,9,114,152,169,66,23,122,196,9,48,114,111,222,26,36,36,196,9,168,39,130,53,122,36,196,122,9,253,39,53,130,158,16,164,130,40,38,249,122,76,16,158,71,3,250,82,36,158,249,164,242,71,208,107,122,158,185,47,125,96,139,22,78,96,158,47,180,3,71,48,185,158,180,109,249,96,210,179,39,158,217,219,10,255,60,179,80,72,64,92,158,150,230,76,86,158,253,39,120,106,108,2,186,228,58,158,216,187,89,108,116,42,216,193,58,228,116,158,157,236,122,116,35,55,242,250,194,110,249,92,150,158,230,111,40,39,120,216,158,193,169,28,42,26,12,146,70,145,44,90,19,158,210,162,164,38,17,103,26,76,158,198,108,87,61,10,79,179,58,89,158,108,5,101,141,3,71,141,143,192,254,158,193,242,150,110,249,230,224,23,86,176,242,35,93,252,158,63,107,158,17,235,210,162,163,197,4,108,158,163,198,16,128,10,59,76,108,10,158,16,61,79,104,117,193,89,158,42,3,247,216,117,111,242,197,89,207,17,202,10,242,252,120,39,197,128,207,92,249,110,150,89,158,230,86,158,107,120,89,35,252,10,2,94,158,101,127,239,229,205,189,24,182,160,113,5,201,94,115,24,113,67,205,102,70,160,42,252,242,158,107,110,150,164,24,158,107,242,252,236,24,35,20,227,158,13,45,0,70,101,160,13,3,45,182,201,227,158,237,158,103,70,59,146,90,26,4,198,158,16,59,87,108,10,121,76,16,158,150,92,108,230,10,56,158,178,1,72,125,43,217,158,221,56,208,139,157,77,93,109,4,158,130,122,253,183,94,158,208,176,122,149,63,109,118,193,213,216,158,211,115,157,184,213,14,70,206,183,7,123,184,176,207,215,142,35,98,44,158
3 75 26,145,86,1,230,174,239,179,162,244,123,1,89,4,75,253,196,6,69,25,38,113,225,126,225,25,171,108,157,199,159,214,225,159,25,157,214,95,224,6,25,188,225,159,150,199,228,232,188,36,243,197,159,94,16,157,118,239,156,7,163,166,215,159,221,240,170,228,9,90,156,188,159,25,228,188,199,202,240,225,25,159,72,0,36,225,39,213,25,37,133,225,187,31,228,159,25,130,225,37,244,174,214,173,216,12,130,183,77,244,228,39,216,107,244,204,12,183,225,130,25,225,69,199,159,126,6,178,214,236,25,225,159,233,230,39,6,224,69,159,61,225,87,25,230,26,25,233,225,124,199,159,26,145,86,1,230,174,239,179,162,244,123,1,89,4,75,253,196,6,69,25,38,113,225,126,225,25,171,108,157,199,159,214,225,159,25,157,214,95,224,6,36,197,188,16,157,228,163,108,200,18,180,144,16,23,215,175,200,223,75,16,18,23,180,145,200,16,179,23,18,197,180,192,200,87,179,18,239,150,192,188,98,27,97,238,228,160,146,199,51,243,179,163,200,36,223,23,221,170,228,51,188,156,195,7,159,25,228,157,225,188,95,199,25,159,72,36,0,225,213,15,25,37,133,225,187,228,27,39,25,225,214,159,95,228,157,236,25,159,225,213,194,214,155,157,25,159,225,188,228,236,39,95,16,157,108,7,8,23,18,155,16,36,163,61,243,7,39,197,7,16,163,253,23,54,18,157,188,155,7,228,156,39,116,197,197,243,16,223,156,23,61,157,163,197,7,242,15,180,243,156,31,211,37,199,228,46,135,27,236,25,199,159,228,188,202,118,228,177,95,19,157,188,101,199,16,243,36,156,15,23,180,61,155,180,14,156,116,23,228,18,247,192,86,206,14,248,154,18,211,37,31,146,199,27,135,46,98,27,97,146,160,238,225,228,236,25,225,228,199,92,159,188,197,163,36,61,16,223,167,0,146,7,61,5,197,86,2,100,188,105,7,146,183,61,118,132,228,155,18,116,156,157,7,197,228,156,221,202,170,217,95,153,42,194,186,90,153,53,139,19,36,156,167,61,90,0,42,243,5,36,156,61,42,118,18,115,42,116,14,206,132,156,155,192,156,221,14,61,7,44,139,206,132,5,180,42,127,48,169,27,132,180,248,23,61,36,243,0,37,211,31,199,146,228,135,46,98,97,27,228,225,25,146,160,25,159,225,155,199,228,157,101,25,150,158,225,194,9,162,105,39,25,36,199,243,61,101,18,223,197,25,207,15,199,244,19,188,221,170,228,199,25,223,122,243,36,156,0,61,154,39,23,156,138,180,197,5,163,16,206,123,192,61,169,138,197,5,251
4 75 64,234,97,50,48,31,211,168,163,87,195,72,191,246,88,233,195,88,163,235,185,188,90,200,88,195,98,233,154,192,122,86,88,195,98,94,154,192,112,86,195,154,98,192,172,156,23,88,243,233,154,178,175,195,86,207,221,148,207,206,82,225,243,233,139,8,154,55,82,225,105,228,154,192,139,123,133,180,98,43,180,10,192,154,44,43,110,233,142,154,222,15,108,167,102,13,222,15,142,108,102,154,129,195,154,82,58,195,225,236,190,150,150,20,97,23,127,195,154,184,163,153,154,195,233,200,196,88,154,108,15,129,195,110,58,142,233,163,200,195,129,153,192,108,58,195,154,165,108,235,129,219,64,234,97,50,48,31,211,168,163,87,195,72,191,246,88,233,195,88,163,235,185,188,90,200,88,195,98,233,154,192,122,86,88,195,98,94,154,192,112,86,233,206,195,175,154,178,86,43,206,221,166,16,233,115,162,225,206,221,233,178,204,175,82,137,221,166,137,204,87,154,16,148,221,154,204,175,178,148,166,233,14,154,167,65,240,181,67,33,16,207,203,175,178,166,206,204,139,8,154,55,82,166,105,60,192,154,133,123,139,43,180,98,180,192,10,44,154,43,110,250,142,154,222,15,108,102,167,13,118,222,98,154,242,88,110,192,98,94,192,154,112,43,110,71,122,119,98,154,192,123,60,219,16,166,204,178,207,233,82,169,178,233,207,206,204,175,16,166,206,204,221,166,207,16,178,43,94,166,71,53,204,11,112,16,204,178,166,16,11,82,207,169,221,204,148,166,11,169,206,44,161,167,14,65,154,13,67,15,122,118,154,67,133,242,172,98,17,172,254,154,122,215,74,133,204,166,44,16,175,11,169,207,166,94,204,11,40,164,12,71,180,166,40,231,169,71,16,164,161,167,67,154,15,14,13,131,67,14,167,81,154,65,170,33,122,154,172,133,67,119,123,98,178,233,206,204,175,16,82,238,204,148,221,42,53,82,248,206,204,148,221,44,172,53,218,42,94,164,71,53,204,154,8,112,139,8,55,105,123,180,154,122,253,139,82,204,25,0,190,2,204,149,178,253,11,166,169,16,204,44,148,169,137,253,11,206,164,12,94,82,204,253,71,104,204,55,139,2,180,25,8,188,253,82,204,133,2,139,55,123,253,204,178,44,169,16,82,137,161,13,167,14,65,154,170,15,14,65,167,118,154,67,222,170,192,98,94,154,71,118,112,242,192,154,98,133,156,254,219,195,154,149,243,192,178,53,132,42,243,154,44,192,148,221,51,93,105,119,60,154,192,20,181,68,204,149,178,16,166,207,11,42,204,221,148,206,207,166,82,16,148,204,166,221,44,42,53,51
5 75 215,200,47,244,15,25,56,57,15,166,13,159,110,25,56,57,110,135,71,205,65,127,86,15,110,71,65,15,205,147,158,251,110,165,218,71,158,88,147,205,174,250,110,158,151,205,251,198,151,64,250,217,26,16,33,164,77,16,250,81,151,64,217,198,250,151,120,223,61,81,235,52,223,213,31,165,151,23,158,250,165,223,59,251,250,151,158,236,165,104,151,186,236,69,250,110,151,158,65,88,165,186,44,205,120,151,81,198,16,142,235,139,198,151,158,120,139,102,30,133,65,110,88,218,43,205,251,86,110,65,88,135,158,165,151,43,110,65,86,71,188,158,88,127,65,110,88,158,43,127,205,188,215,200,47,244,15,25,56,57,15,166,13,159,110,25,56,57,110,135,71,205,65,127,86,15,110,71,65,15,205,147,158,251,110,165,218,71,158,88,147,205,64,250,151,217,179,187,60,40,181,246,99,129,30,225,64,118,77,120,64,198,16,250,30,252,77,30,198,250,120,151,80,235,250,77,120,151,30,235,198,62,250,120,235,67,151,158,19,186,30,77,62,151,120,198,17,64,250,120,151,223,61,235,30,214,223,213,31,165,151,23,155,250,165,223,59,158,250,251,151,236,165,104,151,186,236,69,218,250,67,100,254,151,158,44,218,147,158,165,115,151,69,62,218,110,250,61,151,31,69,158,114,2,30,151,120,54,102,133,39,16,30,120,77,151,64,62,16,228,30,77,62,54,64,102,202,151,151,202,30,217,54,115,96,98,30,217,250,54,209,232,133,102,250,217,30,81,77,19,54,133,151,235,186,104,250,6,10,161,151,250,31,61,114,158,69,100,151,31,213,11,250,147,61,249,30,142,77,217,232,225,151,16,30,217,225,16,151,209,133,81,67,217,81,225,30,151,254,19,151,6,104,186,224,235,204,30,224,151,67,186,235,250,254,191,151,31,250,69,158,61,114,224,77,30,151,133,64,62,217,35,102,96,30,133,54,151,77,217,96,151,102,30,54,209,228,137,151,96,115,2,98,54,30,102,151,14,114,61,98,236,96,250,35,174,151,114,30,54,98,14,30,232,217,209,35,133,102,96,30,217,54,133,102,209,96,98,35,30,81,151,98,236,169,217,232,30,3,35,102,54,14,94,174,232,30,142,3,35,151,162,232,30,133,3,94,209,217,102,151,186,104,6,235,14,161,30,151,67,186,224,161,158,254,44,165,202,158,151,194,18,251,115,174,202,250,114,151,165,19,158,120,62,30,151,115,213,102,133,115,236,2,62,160,250,151,93,61,151,236,250,62,120,114,165,30,232,94,133,209,62,217,77,77,30,62,64,81,217,46,133,62,30,120,54,236,252,77,69
6 75 254,214,231,248,211,139,41,110,110,138,46,40,24,91,254,173,169,138,203,22,112,254,176,143,138,22,65,68,226,254,133,143,138,65,79,22,196,68,143,183,196,138,79,65,149,49,236,230,168,149,196,86,171,49,108,185,104,86,171,227,32,196,49,156,3,79,196,227,49,246,232,157,114,79,171,157,232,196,3,39,79,114,39,171,52,243,196,57,79,167,232,153,157,196,227,236,138,79,153,22,196,167,157,143,32,246,161,86,104,227,108,157,86,108,32,104,189,246,254,48,138,143,203,22,79,169,226,122,138,79,22,196,143,182,36,157,143,138,203,169,22,133,226,60,138,143,79,22,60,65,196,203,254,214,231,248,211,139,41,110,110,138,46,40,24,91,254,173,169,138,203,22,112,254,176,143,138,22,65,68,226,254,133,143,138,65,79,22,196,68,143,183,168,32,38,94,246,195,35,220,17,32,146,150,171,38,117,85,32,17,195,171,185,48,36,196,32,17,196,48,171,185,82,227,171,32,17,196,79,185,227,48,79,196,246,138,167,171,227,156,1,19,57,17,171,32,156,236,54,3,196,79,114,246,156,17,114,79,171,157,54,232,196,3,79,114,39,171,52,243,196,57,79,167,54,153,196,157,232,138,79,167,52,196,138,183,213,54,79,19,196,52,92,232,59,213,79,49,196,157,19,55,232,65,17,108,32,1,104,82,168,246,17,1,168,195,171,82,32,4,201,57,17,213,195,50,246,104,92,235,17,196,201,35,246,84,17,168,108,1,84,49,104,37,17,49,82,84,108,161,1,115,167,196,107,84,79,246,161,157,19,79,157,196,49,167,107,90,17,196,241,166,128,1,108,157,17,1,39,32,152,227,108,241,17,1,123,241,108,92,235,94,17,114,123,108,245,9,241,185,167,123,241,245,17,196,61,1,167,79,54,196,107,19,157,52,19,157,49,79,196,107,208,52,17,1,108,168,152,195,246,162,1,82,17,108,104,195,25,168,201,1,104,17,57,161,50,102,235,157,92,84,17,128,196,126,3,2,114,157,84,196,49,200,1,2,178,108,17,243,37,86,17,168,1,108,2,104,174,9,17,1,108,82,104,123,2,25,1,178,2,243,17,108,196,82,3,114,2,1,108,178,17,174,17,108,1,58,16,9,174,104,108,17,104,9,174,85,1,178,167,196,2,157,243,107,84,54,54,167,79,196,157,107,84,138,79,19,52,92,196,135,55,59,196,52,79,49,157,149,239,55,49,168,157,79,17,196,232,48,49,161,232,48,79,171,196,149,49,16,196,79,161,232,157,52,17,168,32,48,108,85,1,129,17,32,82,48,195,104,85,49,17,185,32,161,104,48,49,171
7 75 241,211,148,221,213,63,165,209,221,112,191,200,142,39,241,165,49,180,144,221,203,148,136,229,36,184,75,147,116,78,229,191,184,75,36,147,229,116,37,78,184,147,36,116,78,221,75,195,116,73,166,221,199,30,147,36,199,73,173,6,246,116,166,232,199,147,76,173,108,116,36,73,61,76,147,19,171,35,116,36,35,223,116,76,36,171,213,32,116,184,199,147,36,76,108,35,184,116,36,147,191,117,229,35,199,73,173,6,246,95,20,38,173,199,73,84,95,219,140,130,36,125,184,229,111,191,35,117,229,184,159,35,123,36,112,64,125,208,35,184,203,229,65,191,191,117,125,35,70,65,184,36,241,211,148,221,213,63,165,209,221,112,191,200,142,39,241,165,49,180,144,221,203,148,136,229,36,184,75,147,116,78,229,191,184,75,36,147,229,116,37,78,166,199,30,116,147,84,212,89,166,84,96,6,147,30,116,221,166,96,246,199,6,252,203,121,199,246,6,147,96,116,84,223,199,223,147,76,116,35,219,121,199,44,76,147,108,116,184,36,6,121,223,199,246,116,219,38,76,199,147,108,121,19,35,116,61,76,19,35,171,147,116,36,35,223,76,116,213,36,171,32,184,116,147,36,35,76,199,29,36,147,44,108,116,76,184,191,76,108,36,181,147,116,35,37,76,199,101,147,116,35,79,36,6,246,96,84,30,166,116,177,6,246,166,199,121,9,116,96,246,223,199,38,6,121,166,116,199,181,151,121,116,243,173,246,246,38,151,8,41,22,251,116,246,41,151,8,121,116,84,96,199,91,29,147,116,151,121,60,199,91,2,147,76,44,116,36,61,199,74,79,109,36,121,147,246,6,223,38,8,22,166,94,246,96,166,6,41,243,181,22,41,243,84,121,238,96,228,69,199,29,84,147,238,91,41,176,44,147,91,176,76,116,199,36,199,169,44,79,147,116,76,36,246,6,166,38,121,219,96,199,246,22,166,167,255,6,177,73,255,223,246,199,38,22,60,182,169,199,131,255,132,181,243,22,169,74,131,132,60,4,171,22,22,16,255,8,60,4,228,151,22,228,166,13,246,255,8,133,246,22,228,166,8,189,84,167,228,84,108,74,189,169,41,132,131,74,133,94,211,8,22,41,22,133,94,189,228,60,147,173,22,38,246,133,58,94,8,121,199,29,147,91,169,74,116,36,91,44,147,169,199,36,116,76,76,171,36,44,181,35,147,37,199,147,76,116,36,255,27,65,199,219,76,30,79,130,147,121,219,76,79,167,121,199,43,65,219,199,79,76,147,74,36,43,22,219,6,121,96,38,255,173,219,121,6,13,30,166,130,246,121,199,30,130,219,28,13,173
8 75 235,127,11,18,197,17,139,217,175,217,127,17,123,223,78,139,123,175,191,99,8,243,196,111,191,123,225,107,23,220,175,224,191,123,159,107,224,52,178,23,123,191,107,159,224,3,176,19,123,255,163,194,191,107,39,3,63,123,163,194,39,232,46,68,107,56,191,194,52,112,123,164,157,191,107,194,110,135,56,80,191,135,110,220,107,159,123,3,191,107,56,234,194,159,110,123,191,56,107,123,164,194,110,232,63,163,46,68,136,255,66,248,163,46,63,248,66,39,194,255,191,224,164,56,243,98,52,239,164,239,56,191,3,180,35,123,224,191,20,141,29,98,173,72,239,175,104,107,191,180,123,224,235,127,11,18,197,17,139,217,175,217,127,17,123,223,78,139,123,175,191,99,8,243,196,111,191,123,225,107,23,220,175,224,191,123,159,107,224,52,178,23,123,39,101,250,255,14,131,191,123,63,215,183,250,229,194,255,63,123,47,121,119,255,229,172,63,123,47,107,229,255,191,232,63,123,107,56,191,194,229,119,33,191,107,56,52,164,123,180,63,170,215,232,121,255,107,229,107,191,56,52,159,112,183,123,157,191,107,194,135,80,247,110,191,135,110,220,107,159,3,194,191,56,107,234,123,110,159,232,191,33,107,56,234,52,164,3,159,107,191,110,52,220,194,56,107,191,159,103,56,123,164,52,170,63,215,225,183,119,17,123,63,170,47,215,172,232,121,43,63,170,17,215,121,66,43,0,170,107,159,43,163,229,55,17,170,68,43,63,215,55,156,5,170,215,63,55,43,5,121,66,107,33,191,56,170,52,123,83,107,56,191,52,33,212,164,159,107,157,170,43,191,65,56,212,63,170,215,121,17,43,7,5,170,215,121,5,17,63,21,107,170,215,17,229,55,121,60,5,107,33,215,170,229,56,55,88,33,56,191,107,52,4,164,115,107,212,159,191,56,52,103,4,63,170,121,215,43,200,21,5,17,170,43,66,163,215,200,183,17,170,66,163,215,43,107,236,43,170,107,66,159,184,17,163,43,107,66,112,122,170,184,159,43,170,157,107,66,163,215,17,170,43,17,66,215,236,163,82,170,43,215,163,236,7,172,60,43,107,170,66,163,65,236,150,170,43,107,112,236,17,163,66,170,17,157,107,43,112,215,163,170,17,163,43,236,68,66,215,107,191,56,43,33,115,52,89,33,107,191,212,52,4,56,115,191,107,110,220,52,212,164,4,107,191,232,43,170,159,3,115,170,43,107,68,66,56,80,52,164,107,68,220,80,228,123,28,112,107,164,52,159,68,212,191,170,63,82,215,119,5,183,9,63,170,121,215,5,250,229,172,159,250,228,170,229,107,9,227
9 75 122,210,246,12,127,248,72,213,72,246,210,95,232,122,45,71,45,116,36,2,18,72,95,121,45,95,156,161,243,141,235,152,95,156,47,45,120,161,198,44,95,120,45,47,8,189,169,44,95,242,134,196,44,238,138,146,242,95,44,196,134,86,10,138,206,95,44,19,86,196,242,0,47,95,160,198,73,44,86,197,47,95,44,198,73,160,255,86,47,95,29,44,94,86,203,8,95,2,44,47,203,8,197,198,242,196,134,44,10,86,128,203,242,196,134,10,4,157,0,52,255,2,18,95,59,121,243,8,203,2,95,116,44,197,47,239,20,2,255,8,59,243,121,36,2,203,36,95,116,8,191,59,122,210,246,12,127,248,72,213,72,246,210,95,232,122,45,71,45,116,36,2,18,72,95,121,45,95,156,161,243,141,235,152,95,156,47,45,120,161,198,44,95,134,46,220,44,138,147,133,196,95,134,138,32,80,44,56,134,196,95,138,32,44,80,58,196,95,134,44,138,128,144,10,95,44,196,134,8,138,86,56,132,95,44,47,94,198,8,197,196,134,138,44,95,0,65,10,206,95,19,44,47,198,196,0,47,198,160,95,73,44,86,5,47,95,44,198,73,160,20,255,95,29,47,44,94,8,203,161,240,95,156,47,197,44,132,198,47,95,156,198,67,44,8,120,217,95,47,120,198,67,44,8,196,134,111,65,52,10,242,138,134,196,138,111,65,10,52,80,134,111,65,196,138,10,44,52,134,96,111,95,120,10,15,138,10,134,196,144,111,80,242,4,10,134,111,196,64,138,44,27,39,94,29,95,132,44,131,8,217,95,156,132,126,47,178,44,196,151,96,95,138,0,111,80,134,196,52,10,144,80,111,95,10,96,134,196,144,80,21,95,10,21,196,144,96,80,134,74,39,10,94,196,29,21,126,80,132,95,126,197,44,94,47,13,217,95,151,156,47,120,115,44,52,196,32,10,111,42,134,0,52,111,42,75,32,196,234,65,111,52,95,75,42,61,65,62,111,96,15,95,153,226,123,120,178,19,111,95,206,96,240,217,52,196,111,42,95,178,206,19,52,196,111,139,144,10,65,159,196,10,144,52,111,42,80,16,96,111,95,196,10,16,42,144,19,144,95,139,196,22,206,96,196,19,52,22,111,139,206,10,52,139,196,144,111,80,159,244,39,29,94,95,44,13,132,138,94,132,95,47,197,13,44,156,47,95,198,73,156,197,120,240,95,47,120,198,8,138,111,197,0,196,8,95,42,65,44,212,0,5,8,95,47,44,197,212,206,120,0,95,5,47,178,197,196,0,65,52,134,80,159,171,196,134,65,0,32,10,52,80,65,134,8,196,0,34,52,212
10 75 14,179,175,192,236,206,43,120,175,120,14,183,100,249,179,136,243,65,162,27,177,129,188,176,25,243,91,247,65,150,234,177,247,91,234,9,243,124,25,65,68,247,234,25,243,91,124,199,146,15,239,153,194,67,124,241,146,232,239,8,15,194,124,31,163,234,247,137,8,40,171,124,98,234,187,251,12,124,247,111,98,234,187,111,251,242,12,19,234,169,198,247,98,130,187,91,198,169,247,234,91,65,125,36,146,232,8,15,31,239,7,153,15,239,232,153,146,176,7,26,65,243,198,247,125,157,133,185,88,247,157,234,196,240,91,65,65,243,185,157,247,125,133,196,198,247,65,185,243,125,157,39,14,179,175,192,236,206,43,120,175,120,14,183,100,249,179,136,243,65,162,27,177,129,188,176,25,243,91,247,65,150,234,177,247,91,234,9,243,124,25,65,239,205,174,254,204,200,146,112,109,146,239,49,30,15,116,119,146,239,232,109,101,49,107,8,146,239,181,8,109,232,122,30,146,137,8,239,247,194,232,124,247,234,137,40,171,198,124,63,146,239,15,19,26,122,181,119,163,247,137,234,19,194,124,63,98,187,12,234,251,124,111,247,98,234,187,111,251,12,242,19,169,234,247,198,98,130,187,91,161,198,234,247,91,124,72,169,234,9,91,161,124,247,252,81,62,63,234,124,247,40,239,171,109,239,15,228,146,116,30,140,146,239,15,109,119,26,116,181,146,19,239,116,228,66,26,97,218,66,9,81,239,116,207,252,239,15,57,197,146,66,140,232,239,57,15,232,66,146,5,105,130,247,198,63,234,40,66,124,161,63,253,62,247,40,124,171,26,239,220,228,63,124,40,12,239,146,30,242,228,19,220,181,239,15,30,218,140,250,220,174,239,117,15,17,250,233,30,1,26,216,239,130,1,220,63,15,248,247,63,198,130,124,171,253,161,63,62,124,239,247,40,171,146,239,15,26,181,246,138,119,239,81,146,8,105,66,246,116,239,19,8,66,116,228,137,164,66,9,252,218,239,81,8,116,163,31,239,66,81,159,63,40,239,246,68,12,31,159,250,124,239,197,119,181,154,7,12,59,239,246,12,7,30,15,181,197,239,31,12,159,246,7,26,40,239,163,7,181,12,197,124,40,239,68,12,124,154,23,181,197,239,154,12,197,181,119,146,59,130,63,247,124,40,198,26,171,130,247,124,198,248,253,234,171,161,9,234,111,253,247,124,91,68,124,63,234,239,161,34,40,239,31,234,159,232,17,246,59,234,9,232,31,222,247,59,63,234,229,163,9,63,124,40,222,239,59,146,181,119,30,225,15,239,146,181,31,7,158,15,127,137,8,222,239,146,242,138,178
11 75 24,104,34,126,221,219,180,171,180,41,246,96,143,149,152,162,13,92,192,138,226,4,228,88,27,88,107,7,204,150,108,228,153,3,107,27,7,145,150,12,64,107,111,87,204,88,112,7,37,6,8,100,12,65,87,56,6,111,237,220,37,100,12,59,174,111,18,116,107,142,85,3,54,156,158,199,191,111,107,201,158,54,3,199,169,111,98,191,189,3,42,111,158,191,107,169,189,206,128,160,191,108,3,86,111,6,2,42,8,37,100,56,6,42,111,100,8,2,135,239,160,108,206,128,106,89,150,12,42,106,160,191,111,107,108,39,150,89,128,160,206,108,124,204,160,108,206,128,62,86,12,106,24,104,34,126,221,219,180,171,180,41,246,96,143,149,152,162,13,92,192,138,226,4,228,88,27,88,107,7,204,150,108,228,153,3,107,27,7,145,150,12,12,146,6,14,56,65,8,68,6,37,222,14,12,56,237,220,6,237,37,101,12,56,8,231,6,37,12,111,42,56,220,204,174,56,111,220,231,6,12,14,20,174,111,36,107,3,145,160,6,37,136,238,157,14,59,204,136,174,111,18,142,107,116,14,156,54,158,201,199,111,142,191,158,54,199,3,169,111,191,98,189,3,191,42,158,111,169,54,49,195,189,27,36,107,20,3,3,153,238,49,111,191,145,27,111,66,27,3,238,145,106,162,6,56,157,37,9,146,231,240,37,6,157,8,67,237,146,231,197,37,157,220,237,6,12,146,153,114,145,174,111,10,137,3,218,8,6,2,190,37,67,231,8,59,220,2,67,6,194,53,20,111,145,36,174,133,3,251,111,27,36,145,66,195,133,99,158,27,156,6,111,207,247,8,6,158,190,67,218,8,146,37,8,2,153,158,190,114,116,67,6,209,2,8,170,116,190,67,158,8,20,6,2,236,111,151,36,111,20,136,133,238,145,19,111,238,27,133,66,145,156,194,37,6,157,67,8,155,146,237,242,222,220,59,157,145,122,6,220,242,157,59,222,124,111,159,145,111,114,153,116,15,3,194,109,142,111,18,145,156,116,194,64,201,109,42,17,250,6,67,6,37,2,67,190,10,146,240,6,222,190,8,2,67,59,216,114,201,116,207,109,17,2,190,116,151,18,2,142,6,17,207,42,64,6,12,145,2,134,67,201,6,37,190,2,211,67,212,20,111,145,238,194,133,185,174,20,36,238,111,133,140,136,145,238,130,195,153,3,49,98,255,111,64,42,238,106,27,12,3,231,250,109,56,17,111,59,3,3,231,220,59,85,111,103,17,18,111,3,142,85,250,238,155,6,37,146,240,190,56,67,231,56,6,2,220,59,37,8,237,56,220,174,231,59,250,201,6
12 75 124,247,52,68,79,137,127,167,4,124,68,24,77,216,52,167,169,221,100,16,199,24,235,126,221,169,47,1,199,145,39,60,221,1,39,145,169,208,60,239,221,1,169,39,68,235,174,216,221,139,68,152,1,239,107,170,50,139,208,152,135,39,172,170,39,208,139,67,1,221,65,3,39,1,67,219,206,221,33,194,39,208,157,33,221,42,23,194,39,74,208,26,221,63,3,1,74,39,221,65,26,1,93,60,139,50,208,152,135,173,170,39,139,152,135,172,170,50,173,61,60,221,220,93,223,145,74,39,220,60,208,221,39,3,53,209,221,60,145,220,39,193,192,0,221,74,93,220,65,60,44,39,124,247,52,68,79,137,127,167,4,124,68,24,77,216,52,167,169,221,100,16,199,24,235,126,221,169,47,1,199,145,39,60,221,1,39,145,169,208,60,239,221,1,45,152,47,139,239,208,50,139,172,47,208,175,230,221,50,208,23,139,175,152,172,221,139,50,208,221,230,172,39,1,50,139,208,39,1,3,65,221,39,1,221,3,160,65,208,128,139,50,115,208,172,231,102,61,160,208,39,242,115,139,67,1,39,1,67,239,55,194,101,206,39,208,157,33,194,221,42,209,39,74,26,63,221,208,1,242,39,74,1,221,63,191,26,60,39,191,1,65,94,155,212,20,39,43,191,139,1,65,142,221,47,139,172,20,208,1,152,61,50,139,208,61,47,172,231,82,50,139,80,208,61,172,231,82,80,219,160,139,45,84,222,50,139,231,61,99,166,172,80,233,139,210,61,99,231,80,222,135,160,26,39,63,65,74,3,128,115,43,39,15,128,1,20,85,139,231,56,172,144,147,80,61,231,50,200,204,61,208,175,172,204,231,55,50,129,61,172,233,129,204,231,139,162,172,55,183,56,26,160,7,63,139,172,32,160,115,39,128,242,74,65,15,115,39,139,172,3,191,231,64,50,61,82,64,139,36,217,172,61,50,82,64,158,5,222,172,61,80,50,157,172,82,160,208,80,61,3,147,20,84,55,11,67,128,80,133,186,20,12,55,61,12,186,80,82,172,36,64,61,166,36,172,12,82,57,233,61,12,230,36,27,64,2,172,12,61,172,80,160,55,133,231,67,12,230,61,55,172,80,57,61,82,64,80,36,230,172,162,61,12,230,36,172,233,57,82,26,63,160,74,128,15,3,56,74,39,63,26,242,160,128,65,39,1,128,191,194,138,134,15,39,3,192,138,36,61,1,117,166,61,139,172,36,231,82,210,210,39,208,157,237,132,3,139,106,67,210,128,35,39,3,1,175,230,139,166,172,36,204,82,139,50,172,210,97,231,208,36,139,210,50,172,160,97,55,200
13 75 71,221,231,139,135,241,78,253,231,119,132,221,177,167,161,64,251,149,141,236,135,132,89,202,202,47,20,3,182,135,236,89,47,202,66,154,20,132,3,89,47,202,164,3,251,66,190,154,47,230,62,249,203,88,130,246,47,249,185,62,39,246,88,0,47,66,154,224,200,137,249,88,47,42,66,37,175,154,224,190,47,37,214,219,175,154,108,42,47,43,219,66,154,175,130,108,47,134,66,43,182,147,108,224,249,185,47,62,246,136,39,88,249,62,185,246,128,39,112,136,89,182,47,134,66,202,160,138,138,112,47,154,182,108,134,175,89,202,66,182,151,44,84,32,134,47,138,182,108,84,66,202,71,221,231,139,135,241,78,253,231,119,132,221,177,167,161,64,251,149,141,236,135,132,89,202,202,47,20,3,182,135,236,89,47,202,66,154,20,132,3,89,47,155,128,88,3,190,130,154,128,47,185,0,191,136,249,82,128,185,47,0,126,130,194,101,128,47,110,191,39,130,154,239,47,128,137,110,130,126,191,88,47,154,33,66,130,202,43,224,128,47,185,110,0,130,184,203,47,137,203,154,21,130,224,200,42,47,37,66,127,190,154,175,47,37,214,219,175,42,154,108,47,43,175,66,113,219,147,108,47,33,66,43,147,130,108,142,142,47,6,224,66,154,168,130,47,142,6,128,154,130,199,137,128,47,155,110,191,130,80,184,128,47,185,110,0,19,191,187,128,185,47,0,187,110,191,184,47,128,191,187,185,137,116,249,185,128,19,47,53,184,187,163,185,47,53,187,128,191,137,184,47,43,137,130,154,6,33,224,33,142,47,61,154,224,130,137,128,47,53,249,191,184,187,79,27,185,128,0,110,47,191,53,128,53,47,110,27,38,249,185,128,53,213,184,7,163,62,27,128,47,53,43,211,137,109,62,47,33,61,154,130,43,108,237,128,61,47,110,130,39,53,6,128,110,0,47,185,184,53,198,110,47,27,128,184,79,249,239,110,47,249,128,239,126,101,79,47,110,79,128,38,207,166,224,47,200,110,237,154,79,207,249,110,128,184,79,47,27,198,249,110,128,1,47,79,184,53,207,110,128,1,53,47,184,27,174,1,47,128,110,184,199,79,224,128,1,47,200,110,184,224,100,110,128,47,79,53,27,184,253,128,1,110,47,184,53,207,79,47,43,61,154,108,237,74,130,33,47,43,61,147,108,130,154,142,47,6,154,66,224,127,175,61,47,154,110,237,95,147,164,110,230,128,47,191,124,39,184,230,47,154,124,123,39,110,6,47,200,124,110,154,39,6,68,128,110,184,47,191,53,39,68,128,47,191,0,126,185,194,124,128,47,124,191,126,219,137,224
14 75 57,217,140,200,244,81,136,197,217,57,244,211,123,136,191,181,71,123,12,191,103,230,88,127,71,103,137,12,193,154,160,189,137,52,64,167,125,189,51,160,12,137,193,103,52,110,71,160,12,252,160,152,79,54,97,218,17,252,192,152,160,76,79,129,52,137,167,160,106,252,38,159,38,52,160,159,137,106,218,40,52,137,10,160,231,167,131,125,52,137,160,131,218,125,105,64,137,52,64,160,218,32,51,54,252,192,52,15,152,1,17,218,192,252,152,15,1,141,79,76,137,189,64,32,51,52,103,148,52,137,218,131,51,252,105,160,189,28,103,137,125,32,53,105,137,52,32,148,64,160,51,125,57,217,140,200,244,81,136,197,217,57,244,211,123,136,191,181,71,123,12,191,103,230,88,127,71,103,137,12,193,154,160,189,137,52,64,167,125,189,51,160,252,160,66,57,6,34,138,106,252,152,141,17,71,160,1,192,17,252,152,138,71,78,141,192,152,252,160,71,192,138,106,52,252,138,160,131,52,152,105,106,137,52,106,160,167,51,147,64,252,171,152,41,141,192,172,87,171,52,137,106,160,252,224,138,38,106,159,160,52,137,64,203,52,10,137,160,231,159,131,167,137,52,160,64,131,159,218,231,137,160,52,147,51,64,224,124,160,52,106,137,167,231,159,131,160,52,137,152,252,106,51,167,138,252,152,160,192,141,27,87,252,141,138,192,152,17,87,165,252,138,141,192,17,36,22,111,252,111,141,77,67,15,73,192,252,141,192,1,152,174,15,87,252,141,192,111,77,130,15,122,52,137,160,224,51,167,106,105,160,147,52,224,51,86,137,106,252,192,152,160,141,82,165,138,252,192,130,152,1,17,153,227,192,252,153,15,101,76,152,122,192,76,15,101,252,23,153,176,192,160,252,224,18,15,76,23,160,50,147,51,52,224,137,106,252,160,192,147,138,224,52,82,152,252,17,192,141,82,160,78,17,152,36,192,179,141,80,73,138,160,152,179,36,141,192,111,179,52,160,138,192,36,111,73,38,160,52,36,73,192,224,172,192,152,73,252,141,160,101,15,152,1,192,141,130,174,199,80,1,192,141,152,15,23,153,174,73,160,224,192,42,141,36,15,38,1,152,192,6,141,160,199,192,1,152,73,15,160,141,174,152,1,192,80,199,141,15,42,160,52,224,137,51,50,6,124,50,160,137,52,51,147,224,6,50,51,231,137,160,189,52,106,160,137,51,50,105,224,52,106,235,152,138,192,27,141,168,80,235,52,60,27,138,106,131,160,235,138,152,27,52,160,168,80,152,168,252,1,235,138,27,141,138,17,235,252,152,168,131,78,138,235,168,131,252,87,152,160
15 75 183,191,117,254,86,124,102,34,225,247,218,191,117,82,157,48,244,228,137,255,185,229,150,124,228,229,108,185,244,217,136,225,229,108,242,248,87,225,165,148,225,108,153,217,229,127,183,228,18,230,142,225,233,112,127,211,151,18,230,6,142,122,85,7,148,233,230,142,220,103,4,85,51,54,250,103,204,116,148,177,51,177,54,250,133,148,165,217,230,87,54,165,174,148,4,100,54,250,165,229,242,87,162,148,151,230,142,7,166,122,211,146,151,211,230,7,201,142,22,56,229,148,58,165,87,242,162,185,87,166,165,230,148,162,174,232,229,185,165,242,244,58,46,174,229,162,58,148,165,87,242,185,183,191,117,254,86,124,102,34,225,247,218,191,117,82,157,48,244,228,137,255,185,229,150,124,228,229,108,185,244,217,136,225,229,108,242,248,87,225,165,148,18,112,188,85,233,110,217,230,230,7,112,18,85,142,151,10,230,18,178,6,122,7,100,112,230,175,85,220,148,7,135,17,230,220,122,100,233,155,210,142,148,220,233,230,4,155,204,181,186,230,151,216,7,18,175,122,230,181,220,233,151,177,240,148,177,51,103,204,116,250,54,148,51,177,250,54,133,148,217,174,177,174,54,87,165,250,148,204,54,242,250,204,148,87,147,200,37,248,233,54,250,204,85,174,233,230,220,181,148,110,151,175,230,18,112,233,188,186,110,100,186,151,230,178,5,7,112,18,151,186,5,230,236,234,100,94,5,233,248,151,186,230,236,194,186,127,5,7,151,234,230,8,5,186,151,234,7,194,8,183,233,181,220,65,81,174,232,148,233,220,181,230,204,174,87,102,186,230,7,216,233,151,116,8,186,151,7,216,10,230,8,33,186,7,151,216,8,248,212,230,7,79,186,8,151,230,211,212,7,186,8,233,57,230,220,79,189,220,233,148,174,181,204,85,186,220,230,151,181,233,216,85,186,216,151,230,7,18,220,142,186,216,151,60,230,220,5,234,186,233,230,220,151,60,5,33,233,186,5,248,230,123,151,220,186,233,103,120,220,5,170,239,186,216,5,146,60,7,151,230,186,216,17,7,5,252,239,10,186,216,7,8,75,252,18,146,186,216,146,170,60,220,234,5,186,216,17,103,241,7,252,220,186,216,5,60,8,230,252,75,186,17,216,252,7,239,10,32,233,220,181,81,148,85,217,204,37,204,220,87,233,174,189,85,248,204,250,54,148,240,229,20,181,220,174,200,85,151,148,230,186,216,110,230,220,245,26,44,135,110,233,18,230,220,245,100,230,220,100,186,110,245,216,85,230,7,17,100,18,186,245,10,245,100,230,122,18,135,7,210,245,100,210,230,135,220,122,26
16 75 89,166,41,245,220,50,210,174,89,245,88,203,166,16,107,227,93,60,88,75,18,63,248,89,130,93,107,75,10,229,177,245,130,28,252,166,229,170,51,60,130,229,166,75,227,14,51,18,130,233,59,14,51,148,222,53,130,222,59,234,51,82,169,246,170,130,233,252,51,232,222,150,130,252,232,170,233,51,10,28,252,170,130,28,190,51,98,233,170,51,233,130,5,229,252,28,130,252,229,170,233,51,28,5,222,169,51,234,233,31,26,128,222,169,74,226,241,128,140,179,163,229,43,130,28,51,9,252,170,233,51,229,43,222,169,152,60,163,38,28,229,130,252,35,229,43,252,170,51,28,130,9,89,166,41,245,220,50,210,174,89,245,88,203,166,16,107,227,93,60,88,75,18,63,248,89,130,93,107,75,10,229,177,245,130,28,252,166,229,170,51,60,130,10,233,51,59,56,190,166,130,59,169,234,53,82,148,241,59,234,130,169,82,246,148,3,130,59,148,51,222,233,74,229,130,59,233,170,51,53,234,252,130,170,51,252,233,156,229,28,59,169,82,222,130,246,148,234,130,170,51,252,232,233,205,246,130,252,232,170,10,28,233,26,252,170,130,28,190,98,51,233,130,170,233,51,252,28,5,229,252,130,170,156,28,46,51,151,252,170,130,51,120,46,233,28,51,233,229,170,222,130,148,252,10,222,148,116,51,129,130,241,222,59,116,82,169,234,148,246,222,116,129,82,169,148,234,246,230,222,169,116,129,54,148,51,169,222,116,53,128,241,82,129,169,116,222,128,129,82,97,86,51,5,170,233,150,152,252,196,156,51,170,233,252,229,152,212,222,26,148,241,169,246,121,119,169,241,82,125,128,246,234,190,169,128,230,241,125,97,121,82,138,169,128,3,222,125,26,241,26,5,3,196,71,128,194,246,170,156,51,233,252,152,150,26,222,51,130,156,116,246,229,233,82,222,241,59,128,169,234,56,222,116,82,234,241,240,129,56,222,82,116,129,241,240,47,51,222,116,180,47,241,230,253,194,78,222,116,149,119,233,95,241,222,116,169,241,128,47,148,220,222,241,169,53,138,116,154,82,241,222,230,128,169,122,211,82,222,116,211,122,95,241,194,233,78,222,241,147,232,211,122,177,116,222,241,128,129,47,148,169,222,241,53,177,122,232,82,169,5,51,233,152,212,170,196,98,252,170,5,156,130,51,150,233,252,170,28,152,130,51,46,156,51,233,130,133,150,229,80,170,222,121,51,73,167,132,152,138,170,51,20,233,190,150,152,0,149,51,212,222,229,20,152,108,248,53,169,125,241,108,59,3,224,234,82,59,169,248,108,45,224,190,108,248,73,45,82,69
17 75 150,198,106,171,112,29,175,121,96,106,26,171,150,125,25,86,248,249,86,150,45,59,74,72,248,25,74,64,35,18,249,45,35,64,248,25,115,20,74,241,150,248,26,64,25,171,35,74,35,64,126,19,115,31,240,232,21,35,60,64,240,31,115,9,35,64,115,155,20,242,60,28,64,155,35,20,162,115,226,48,64,162,20,35,164,115,230,48,64,162,115,20,35,250,87,60,64,35,115,162,20,248,250,87,60,240,204,31,71,28,232,220,240,204,31,60,71,73,224,232,64,87,248,0,5,35,20,22,5,60,87,71,166,64,36,73,208,248,5,22,64,87,211,167,248,64,115,87,0,35,20,250,150,198,106,171,112,29,175,121,96,106,26,171,150,125,25,86,248,249,86,150,45,59,74,72,248,25,74,64,35,18,249,45,35,64,248,25,115,20,74,241,126,64,35,115,60,224,19,10,232,64,60,19,9,62,165,164,60,232,9,21,64,35,220,27,64,232,35,115,240,31,243,242,35,60,64,21,115,220,28,242,35,64,115,110,242,20,60,87,164,35,60,19,115,27,232,64,35,242,64,115,119,155,187,60,64,155,35,20,115,162,200,226,64,162,20,35,164,115,241,48,64,115,35,162,20,250,87,248,64,35,20,110,115,226,48,87,64,20,35,115,197,230,157,57,64,115,35,31,20,57,242,255,115,64,232,60,35,220,28,31,19,60,220,35,27,31,232,194,60,21,164,115,220,232,35,64,115,60,199,230,35,197,66,158,19,62,240,181,214,206,90,190,21,115,199,66,41,181,240,43,115,35,64,60,255,20,71,61,57,35,115,64,20,110,88,255,115,31,240,6,229,28,41,181,164,6,41,62,214,19,115,232,190,181,41,6,115,197,90,206,6,224,41,181,115,240,31,206,115,6,61,60,240,31,90,181,35,115,64,57,110,20,242,119,28,31,115,35,6,60,57,90,19,115,190,60,232,220,189,27,189,19,115,21,232,9,206,17,115,21,189,164,229,35,142,60,115,88,189,142,197,181,90,28,88,189,115,155,35,142,71,213,189,90,224,181,102,142,240,185,62,180,128,189,19,232,185,224,21,190,6,126,19,90,41,189,115,189,213,3,73,71,35,142,180,155,128,189,115,35,41,90,224,189,180,181,196,6,66,199,180,62,128,214,185,189,173,90,115,35,64,255,87,61,149,71,64,35,20,119,115,110,172,48,35,64,20,197,230,110,115,226,242,35,211,76,255,28,64,26,229,232,115,35,31,213,220,126,35,115,64,229,126,187,242,137,35,229,232,115,31,220,64,242,232,220,19,62,34,31,187,126,232,220,21,187,115,60,28,27,220,21,115,187,232,35,73,28
18 75 201,100,31,172,174,24,111,60,100,201,174,94,44,172,3,141,254,123,174,199,217,94,3,201,217,199,172,174,155,201,254,13,126,192,13,199,2,217,43,34,217,174,94,199,192,13,32,201,55,219,13,199,192,209,30,150,209,116,13,192,250,150,231,219,192,13,251,30,126,134,6,2,30,251,126,72,13,2,34,177,126,30,19,43,72,204,13,97,192,197,30,204,13,2,43,126,197,43,57,30,19,134,163,13,150,231,209,192,26,165,70,36,231,150,70,36,26,107,104,178,197,43,204,134,163,20,13,30,197,20,192,204,220,205,70,30,213,134,43,203,2,197,13,254,197,134,43,213,192,2,126,30,201,100,31,172,174,24,111,60,100,201,174,94,44,172,3,141,254,123,174,199,217,94,3,201,217,199,172,174,155,201,254,13,126,192,13,199,2,217,43,34,209,13,192,52,2,125,199,195,219,209,116,149,107,13,235,199,116,219,209,13,17,192,94,108,192,231,13,235,217,106,219,94,192,13,116,219,17,52,250,2,192,13,112,126,128,2,57,251,116,219,231,13,192,108,107,112,192,13,52,126,226,220,205,112,13,251,126,72,2,30,177,192,126,43,19,72,30,13,97,204,192,197,30,126,57,2,13,43,126,112,192,13,57,163,179,128,192,126,251,69,13,112,2,226,192,205,13,231,126,226,17,251,192,13,231,248,36,235,219,17,219,116,231,248,13,209,149,36,116,35,209,94,149,231,135,248,192,135,69,13,94,35,149,29,149,35,219,231,248,47,70,29,250,35,149,219,29,13,248,218,192,57,13,126,205,197,148,226,192,13,148,205,128,126,226,2,231,205,72,248,149,13,235,10,149,72,231,116,107,235,209,26,149,188,231,11,248,107,26,29,149,231,107,248,47,66,188,237,57,205,248,26,231,149,13,142,192,13,57,128,112,2,205,226,13,205,248,231,149,26,192,106,116,231,47,149,235,13,48,219,47,27,116,231,53,250,73,1,231,13,116,192,47,191,250,106,231,69,63,48,248,47,149,135,162,231,6,13,149,63,47,189,149,231,248,47,67,218,48,189,231,235,47,48,149,248,66,67,149,231,47,67,248,48,27,250,47,231,162,73,149,53,67,142,231,162,47,235,6,41,237,248,231,149,248,218,47,48,73,235,235,231,72,47,41,162,67,248,13,192,57,126,197,205,50,20,57,112,192,13,126,163,0,128,13,69,112,192,126,135,177,251,13,192,191,86,0,106,205,127,13,17,192,231,106,165,235,55,192,17,13,250,165,2,130,106,17,13,192,6,106,235,27,165,17,235,40,36,219,149,106,231,17,116,40,115,36,250,142,235,17,250,115,106,191,192,40,238
19 75 41,153,90,148,246,142,139,204,41,204,44,142,221,207,238,158,173,154,238,44,41,194,221,195,173,41,36,35,238,154,221,26,173,41,35,36,221,26,75,30,173,41,35,238,154,237,221,204,35,237,162,173,247,48,114,14,48,35,14,162,60,247,67,239,35,36,30,75,14,162,173,228,54,96,35,226,36,30,42,162,96,54,162,26,36,75,35,42,162,215,36,26,195,20,228,75,36,20,96,162,42,215,26,116,58,248,5,4,48,43,162,60,58,5,198,248,129,43,209,176,215,167,20,109,36,116,243,26,4,167,215,20,109,252,162,243,121,36,195,167,231,20,56,116,36,116,20,121,109,167,215,195,41,153,90,148,246,142,139,204,41,204,44,142,221,207,238,158,173,154,238,44,41,194,221,195,173,41,36,35,238,154,221,26,173,41,35,36,221,26,75,30,35,99,55,162,198,64,239,247,48,247,35,126,60,162,69,114,247,48,94,35,14,162,197,126,35,8,14,162,69,247,48,170,48,35,14,162,75,197,247,4,35,36,75,162,30,26,4,173,48,35,249,198,247,14,251,162,249,35,14,162,252,36,75,26,35,226,30,54,36,96,42,99,96,162,54,36,26,75,35,42,162,36,215,228,26,195,75,96,36,162,30,12,120,35,96,228,162,228,35,30,51,36,42,96,35,4,162,51,216,36,25,170,35,55,99,37,118,162,82,247,247,48,37,251,35,162,55,210,48,162,82,247,35,230,37,80,60,230,162,35,82,80,251,210,248,198,251,210,126,247,80,162,248,60,210,35,198,27,251,162,162,4,26,36,130,75,35,160,162,35,36,4,12,51,120,10,4,198,210,35,8,126,207,43,207,126,198,48,35,247,162,210,60,43,198,248,126,251,91,35,248,198,60,43,126,210,251,114,198,162,210,4,43,126,146,62,162,12,36,75,35,26,120,30,198,210,4,251,43,162,146,35,48,247,210,35,47,198,251,162,67,251,35,48,60,247,162,179,162,67,33,48,35,179,132,247,198,210,60,33,179,162,70,82,34,198,181,162,43,35,179,251,198,210,34,136,251,179,80,33,198,179,210,34,247,248,216,18,60,198,126,210,34,185,18,179,162,34,198,181,179,210,160,251,34,132,151,198,18,179,210,162,198,210,179,33,18,82,185,67,132,34,179,18,198,210,8,162,162,75,36,26,130,4,20,252,162,36,26,228,30,23,75,12,162,228,36,96,30,42,75,120,162,36,160,20,35,154,132,237,247,14,13,132,237,35,197,162,14,197,35,162,228,247,42,36,35,14,197,132,162,13,51,40,247,132,126,177,170,13,118,197,48,197,247,14,60,168,67,170,197,14,170,247,162,124,42,160
20 75 127,17,11,235,18,217,93,162,17,127,175,217,223,18,11,8,92,173,197,175,127,223,139,243,217,127,116,139,237,18,191,17,159,191,107,56,224,176,139,152,11,175,139,127,223,237,17,217,163,39,255,9,136,172,189,72,163,56,172,39,46,215,191,255,56,107,194,191,72,68,163,112,224,191,194,157,110,3,72,141,110,191,3,185,56,194,115,19,56,191,115,107,186,110,239,163,191,56,110,115,175,239,186,116,46,163,56,39,255,248,189,215,46,163,248,39,255,56,215,66,56,115,239,116,186,191,175,180,56,239,186,115,116,52,35,163,224,173,8,141,99,175,191,56,175,239,191,56,116,107,99,224,127,17,11,235,18,217,93,162,17,127,175,217,223,18,11,8,92,173,197,175,127,223,139,243,217,127,116,139,237,18,191,17,159,191,107,56,224,176,139,152,131,229,250,255,101,39,230,67,215,229,47,250,235,170,82,172,47,215,172,229,116,250,235,56,215,229,250,56,183,199,82,43,56,107,191,229,215,115,121,250,33,107,191,56,72,115,80,199,215,170,56,43,5,229,66,82,56,191,107,115,112,150,72,125,191,224,157,80,141,194,61,72,191,110,185,3,56,194,115,107,191,56,115,107,186,223,150,110,191,33,234,110,80,56,224,237,159,191,107,56,110,103,80,3,107,215,170,43,103,56,17,229,170,215,17,229,131,43,47,183,170,47,215,17,229,43,131,250,170,17,56,66,215,55,43,172,170,159,17,107,66,56,55,229,170,215,17,68,0,229,5,55,170,66,17,121,55,56,208,5,107,56,191,33,170,115,55,83,107,191,170,56,103,229,215,43,170,157,215,17,43,107,66,229,215,170,9,229,56,5,131,249,170,215,229,9,5,131,43,66,170,215,229,9,17,242,5,131,170,215,107,229,33,56,9,5,191,33,107,56,115,52,83,159,170,215,229,43,5,17,66,107,17,236,66,215,170,43,107,82,17,66,170,43,159,236,215,107,17,66,170,43,236,107,56,121,170,236,66,107,163,159,43,215,43,170,236,66,215,107,163,112,170,17,236,215,131,0,43,229,17,170,236,68,215,163,43,66,170,215,236,131,121,43,0,221,236,43,107,170,221,66,184,85,68,236,17,170,112,183,43,215,236,170,17,163,66,183,221,184,17,68,236,91,170,66,82,43,191,107,56,33,115,52,184,203,191,33,110,80,56,107,185,83,191,110,103,80,185,56,107,3,43,170,191,17,215,136,82,115,43,66,228,82,170,215,9,163,191,68,107,228,19,159,82,56,112,170,9,43,228,215,250,82,228,215,114,250,9,106,229,170,250,228,215,121,229,106,5,114,159,250,228,80,107,121,229,114
21 75 184,72,127,246,210,122,201,228,72,246,184,232,210,155,127,58,18,200,45,184,232,210,122,53,95,209,210,112,194,232,63,156,95,156,47,67,44,198,194,45,184,95,155,248,194,209,122,112,95,242,45,134,43,238,196,52,95,242,196,32,134,52,86,0,95,206,47,44,197,19,86,198,95,160,47,44,107,198,73,255,95,44,47,107,160,197,73,58,47,203,95,29,44,2,160,197,2,47,95,44,203,197,164,29,242,196,134,52,10,214,86,95,242,196,52,134,10,133,128,4,203,2,197,47,169,191,95,118,203,197,196,2,242,13,118,43,18,170,2,197,95,200,255,243,203,2,95,116,191,47,44,197,184,72,127,246,210,122,201,228,72,246,184,232,210,155,127,58,18,200,45,184,232,210,122,53,95,209,210,112,194,232,63,156,95,156,47,67,44,198,194,45,95,46,80,219,196,134,133,147,95,196,52,80,32,22,134,201,95,32,196,134,80,52,0,194,196,95,194,52,80,136,201,0,95,196,44,0,194,134,8,212,95,132,44,197,47,194,0,198,95,52,196,44,80,134,32,86,95,44,194,206,0,197,19,196,95,160,47,198,44,73,255,107,44,95,47,107,160,73,197,59,47,95,44,29,203,160,2,197,95,44,47,156,240,197,126,132,95,44,47,156,197,198,102,0,217,196,95,52,80,44,0,197,134,196,111,95,80,52,65,16,111,134,95,196,80,52,32,16,111,134,95,32,80,44,52,251,134,111,96,95,80,44,196,52,52,10,111,196,80,134,219,244,10,95,111,44,134,52,219,64,39,95,44,29,197,132,126,111,217,95,126,44,132,196,80,197,52,196,80,95,244,240,10,139,52,80,95,196,10,139,32,74,52,96,10,95,80,196,147,111,52,10,80,111,196,147,74,21,52,39,10,80,44,95,196,126,44,126,132,95,47,197,115,131,52,196,111,10,217,80,147,21,52,196,32,242,111,10,95,134,111,52,62,32,95,153,105,159,111,52,62,95,44,159,61,42,111,44,52,242,10,96,196,95,52,111,178,19,105,196,10,44,52,111,10,196,105,80,42,134,52,111,196,139,44,242,95,80,52,10,111,196,74,219,44,80,44,111,105,96,52,95,16,196,52,111,19,139,196,144,44,95,111,52,242,10,196,105,139,244,52,139,44,111,144,95,244,196,44,39,95,29,197,94,126,115,47,44,95,132,198,29,197,94,44,47,95,73,197,156,115,240,52,212,197,213,111,196,8,95,52,65,34,196,0,42,44,197,0,5,44,95,197,34,87,65,65,0,34,206,52,196,80,212,196,52,80,34,65,0,134,22,196,32,65,52,134,0,34,80,65,212,0,34,87,134,44,196
22 75 120,175,192,82,90,50,11,136,120,175,100,50,82,192,231,90,227,176,243,203,231,76,136,65,238,243,25,203,176,175,227,6,124,243,0,247,217,65,95,9,231,133,191,206,76,136,182,50,109,194,122,239,146,67,43,15,122,239,137,146,194,242,40,213,122,163,234,124,133,187,137,213,187,124,98,251,253,111,12,110,98,124,187,251,122,242,110,234,198,169,122,80,234,98,124,187,198,80,65,36,243,70,124,169,160,239,194,7,15,153,168,176,15,160,239,7,153,140,79,207,125,243,65,176,198,88,35,39,62,88,39,196,243,176,157,35,185,243,125,65,35,247,176,48,65,243,198,125,36,176,35,234,120,175,192,82,90,50,11,136,120,175,100,50,82,192,231,90,227,176,243,203,231,76,136,65,238,243,25,203,176,175,227,6,124,243,0,247,217,65,95,9,109,122,194,239,124,201,204,211,109,239,49,146,122,140,194,137,239,137,122,146,49,194,8,102,239,160,122,78,49,63,15,174,122,137,239,194,146,124,40,8,122,234,124,198,239,247,137,63,239,122,146,19,174,246,119,40,122,137,163,239,124,234,40,19,187,124,98,253,12,111,10,251,98,124,187,251,122,242,110,234,198,124,169,122,234,98,187,247,161,124,198,234,255,187,91,111,161,124,0,234,9,122,3,111,239,62,63,122,124,182,161,8,109,239,116,122,66,97,124,228,239,109,146,116,66,122,223,15,66,19,122,239,179,116,137,146,122,66,239,0,9,124,81,140,239,109,15,122,146,66,30,57,122,239,66,57,146,124,40,15,198,122,124,234,63,130,185,40,161,63,62,124,239,122,253,79,239,220,122,228,63,26,19,174,239,146,19,242,181,122,220,26,239,122,0,174,140,246,15,30,239,26,17,233,122,117,15,237,26,239,122,220,198,216,130,19,124,63,122,198,248,130,167,70,239,26,174,122,160,15,161,63,122,239,146,174,15,40,77,194,179,122,239,66,164,8,137,146,122,179,19,137,66,239,8,116,122,239,0,66,9,81,63,116,239,122,163,246,159,31,40,253,239,246,160,66,57,116,122,15,239,181,154,197,122,7,66,233,239,246,30,122,140,216,146,12,122,246,239,154,124,31,253,159,239,163,124,181,197,253,122,40,239,66,160,181,205,116,15,7,154,239,181,12,197,124,146,122,198,124,130,122,234,63,185,8,124,198,70,187,234,130,113,122,161,124,253,9,0,111,187,234,239,63,160,8,119,124,68,176,239,124,122,40,17,246,159,241,122,124,63,40,3,234,9,210,239,163,122,124,210,40,241,246,239,109,122,146,210,59,194,40,122,239,146,210,137,194,127,40,122,137,242,210,222,8,239,187
23 75 180,41,24,104,152,187,132,246,180,41,87,132,213,152,96,92,92,16,193,143,78,183,138,249,88,204,126,163,228,226,219,188,204,3,153,150,160,107,61,14,183,51,126,155,112,193,138,87,6,135,100,87,37,204,157,56,6,220,222,111,14,37,204,107,3,18,111,176,142,107,174,14,156,225,199,3,169,11,142,19,199,169,54,158,175,3,201,75,106,189,3,111,75,128,206,108,75,108,206,128,160,189,143,88,80,111,6,239,8,100,2,26,80,8,6,100,239,184,111,127,106,128,206,9,42,72,111,160,42,111,106,2,128,6,107,26,150,160,16,206,128,239,143,9,108,206,128,160,88,75,138,9,180,41,24,104,152,187,132,246,180,41,87,132,213,152,96,92,92,16,193,143,78,183,138,249,88,204,126,163,228,226,219,188,204,3,153,150,160,107,61,14,135,14,56,6,204,146,87,35,222,6,37,157,8,220,112,90,6,222,56,220,37,187,14,157,80,6,112,157,187,204,111,14,174,56,111,14,157,107,204,220,20,36,3,111,204,14,107,162,37,136,6,238,14,157,204,201,136,111,174,204,107,3,142,18,156,142,3,225,199,54,169,143,199,169,54,158,175,3,75,201,189,3,75,128,106,160,206,111,49,27,36,128,3,206,62,112,3,153,238,133,66,111,145,204,27,111,66,162,6,238,155,233,135,157,6,37,56,204,231,238,6,157,37,204,146,135,231,242,197,174,157,37,6,10,220,222,15,153,145,114,10,111,6,14,6,8,231,218,190,194,67,37,220,201,59,231,8,218,222,194,111,20,62,174,133,145,3,36,238,111,27,155,204,137,133,247,247,6,156,158,111,238,202,27,6,158,218,37,8,59,68,131,6,116,8,15,114,2,190,59,6,209,146,151,8,116,67,35,6,158,111,16,251,116,8,236,136,36,111,3,204,20,62,145,6,80,238,111,8,67,205,194,6,37,157,146,8,238,227,155,242,222,157,220,6,227,137,159,220,222,157,242,111,231,85,158,111,145,15,116,114,194,59,153,109,142,18,6,207,156,17,95,80,6,145,17,8,64,67,194,6,37,131,10,67,8,207,17,6,222,8,201,220,218,59,190,201,109,17,220,116,15,114,95,142,6,131,18,151,156,190,207,80,6,242,10,67,145,227,8,201,131,218,6,10,190,151,212,136,111,145,62,194,20,128,3,20,136,3,62,36,161,133,206,3,238,153,49,130,15,205,191,80,204,157,9,111,205,6,128,231,109,209,56,238,194,111,6,85,220,238,3,231,111,56,222,18,56,142,155,66,238,110,240,56,6,37,231,110,8,157,135,56,6,37,201,157,17,220,110,56,220,201,17,174,85,250,222
24 75 53,216,124,62,167,247,4,24,53,216,124,167,4,24,58,100,235,221,24,23,0,53,127,126,221,199,235,52,0,100,254,174,221,1,39,239,167,199,145,58,216,58,68,213,167,221,235,79,221,1,170,152,139,101,135,104,1,50,152,139,39,135,221,170,1,39,221,68,208,239,65,100,1,39,221,60,219,239,33,101,33,1,39,60,221,55,249,208,221,39,74,1,60,220,26,195,221,60,68,1,74,209,105,93,152,135,139,48,170,50,3,16,152,135,48,139,16,170,104,172,220,221,151,93,60,54,209,252,220,152,139,3,60,199,22,54,60,145,221,0,16,193,85,93,221,100,102,68,93,60,209,220,53,216,124,62,167,247,4,24,53,216,124,167,4,24,58,100,235,221,24,23,0,53,127,126,221,199,235,52,0,100,254,174,221,1,39,239,167,199,145,58,1,101,221,47,152,135,231,45,104,50,1,175,139,100,6,55,175,50,139,1,104,158,210,6,139,1,175,52,104,172,221,6,1,50,221,39,139,11,68,210,1,221,39,63,208,68,26,160,115,50,1,242,231,139,210,175,1,242,39,115,221,102,160,65,1,39,219,221,101,60,194,55,1,33,39,60,55,221,157,249,221,1,39,74,60,220,26,63,1,39,221,44,191,74,60,63,39,221,1,212,191,142,208,70,221,139,1,231,39,172,138,208,47,1,139,101,231,221,104,126,50,47,139,231,80,1,61,172,50,1,80,139,45,219,11,34,80,1,139,219,172,78,20,84,231,61,166,80,55,139,210,175,1,80,11,231,61,135,139,205,160,1,221,74,39,63,26,103,221,1,139,39,115,231,144,172,147,231,61,172,1,204,139,129,172,231,50,11,1,204,20,55,172,204,139,80,231,50,129,1,203,129,172,175,139,173,50,204,160,32,63,1,26,129,172,56,242,1,221,39,63,74,115,160,61,172,80,139,129,231,152,135,61,50,172,64,1,166,157,55,61,50,210,55,80,166,1,155,50,1,61,80,11,221,71,155,80,20,61,1,55,205,115,172,61,67,12,172,80,1,20,46,12,61,80,172,82,186,64,129,61,166,172,12,55,36,66,230,55,12,61,11,20,172,129,128,12,1,205,20,186,160,11,128,61,67,172,230,1,64,36,27,61,80,172,64,135,36,82,179,230,55,61,11,20,233,12,147,242,74,160,63,26,1,115,39,242,39,74,1,63,160,26,44,39,1,225,221,138,153,194,22,221,192,36,39,61,172,231,1,166,221,1,210,61,36,172,27,1,210,221,157,39,115,50,134,221,139,1,231,67,36,175,82,139,172,175,55,166,50,210,200,50,139,55,1,172,210,97,11,1,55,11,7,210,139,132,50
25 75 167,221,52,78,135,26,64,121,167,52,236,132,221,231,242,78,149,251,202,89,78,44,141,135,20,132,135,236,202,78,234,146,20,132,202,66,47,89,130,180,132,78,227,57,64,167,243,139,246,62,47,39,230,88,203,155,47,101,0,130,249,246,62,137,47,224,66,130,175,190,78,67,47,175,66,42,224,151,89,130,47,175,94,130,42,108,37,66,47,182,84,134,175,157,147,70,84,182,47,130,89,134,70,202,70,246,249,62,242,112,39,88,211,249,246,62,23,70,242,39,182,134,112,220,32,211,157,108,112,211,70,249,224,220,134,246,182,89,243,185,202,84,134,44,234,78,182,89,84,202,70,134,167,221,52,78,135,26,64,121,167,52,236,132,221,231,242,78,149,251,202,89,78,44,141,135,20,132,135,236,202,78,234,146,20,132,202,66,47,89,130,180,47,155,128,203,213,247,132,54,128,139,0,101,47,203,209,167,128,101,47,0,203,126,130,191,128,47,110,5,167,191,241,139,47,130,101,203,224,137,128,0,47,33,130,224,190,182,43,167,47,128,0,203,137,130,191,184,47,130,224,203,202,137,28,190,47,175,66,42,224,127,130,125,47,175,130,94,42,108,89,37,47,182,84,175,147,134,130,157,47,33,130,182,61,142,20,104,47,224,168,130,21,142,155,175,47,128,168,224,110,184,130,39,47,128,168,130,110,132,191,137,128,47,0,191,110,187,132,53,47,0,101,128,187,191,137,224,47,128,224,187,191,137,166,130,128,53,47,0,184,80,187,27,47,101,53,187,224,137,128,27,47,130,61,43,147,224,87,21,47,224,61,128,130,110,191,33,128,47,53,184,39,168,249,213,128,47,53,27,184,0,39,249,53,128,47,38,155,249,224,27,53,128,47,213,27,54,211,229,47,43,128,130,53,27,224,147,61,47,130,104,33,224,87,43,128,53,47,110,184,213,191,33,47,110,0,128,184,137,207,155,101,47,110,184,155,0,224,27,101,47,137,110,100,224,0,184,47,224,100,137,108,155,249,79,47,128,110,200,224,27,184,207,128,184,53,47,1,110,191,207,128,47,1,0,42,224,207,53,47,128,101,1,53,224,42,207,47,224,101,1,130,237,207,184,128,47,1,110,224,106,198,184,187,110,128,207,184,191,79,53,47,1,224,42,128,101,192,148,47,61,130,147,43,224,87,108,47,61,130,43,33,147,104,224,47,224,142,168,130,175,127,66,110,128,39,130,47,164,184,61,47,155,110,230,168,191,128,39,47,101,230,168,224,155,74,154,110,47,168,128,184,68,191,200,128,47,0,191,203,155,137,110,128,47,101,0,137,124,191,126,101,47,124,137,128,117,219,224
26 75 81,217,57,150,244,136,181,230,217,81,57,181,136,244,211,150,12,71,88,230,103,191,229,193,71,193,229,12,88,189,4,166,137,64,167,12,193,160,106,54,12,229,193,71,211,142,209,97,12,152,160,79,114,252,192,15,252,160,17,192,12,137,52,229,137,160,167,12,52,106,159,64,160,22,54,159,106,137,64,167,160,137,143,22,105,54,64,218,137,160,52,105,32,225,125,64,137,103,160,105,32,209,159,166,252,123,192,119,229,15,86,114,252,15,152,192,76,136,41,119,137,105,51,52,10,103,32,86,86,252,137,52,125,105,160,15,103,28,137,189,88,46,105,229,12,103,137,229,32,105,150,189,81,217,57,150,244,136,181,230,217,81,57,181,136,244,211,150,12,71,88,230,103,191,229,193,71,193,229,12,88,189,4,166,137,64,167,12,193,160,106,54,160,144,57,64,252,13,78,229,144,252,71,17,152,160,141,192,17,252,78,160,138,152,192,141,152,192,252,87,160,229,193,71,160,137,52,64,138,167,105,106,137,160,147,64,167,52,106,229,171,160,252,192,41,152,82,137,160,137,171,106,167,229,64,52,160,106,159,64,22,137,54,38,160,137,143,64,105,22,54,159,137,160,52,105,32,64,124,159,160,137,147,54,64,148,167,103,160,52,137,54,64,167,106,236,160,180,152,52,167,138,192,141,144,160,141,138,238,111,252,57,141,252,111,160,192,138,144,77,160,111,141,252,36,138,67,15,160,252,67,111,141,77,83,192,141,160,192,252,87,76,15,111,160,77,111,252,67,6,15,141,160,137,52,20,124,167,171,64,160,138,52,137,180,82,252,64,160,152,192,82,252,76,72,141,252,192,160,152,82,227,78,80,192,252,15,160,23,82,221,172,192,15,252,160,23,76,78,141,160,52,137,20,171,192,252,124,160,50,137,147,20,171,52,167,252,192,82,78,23,76,160,80,160,152,171,141,82,192,80,17,160,36,111,138,182,152,80,238,160,203,171,138,111,52,137,36,160,52,137,180,111,171,192,138,160,38,80,192,141,36,152,82,141,80,221,152,192,23,82,199,152,192,160,1,141,82,221,80,160,192,6,15,152,80,1,141,160,137,52,81,6,218,36,203,160,152,38,192,82,80,1,31,111,192,152,141,15,1,80,250,160,152,6,1,171,192,224,80,160,50,137,171,20,124,52,51,160,50,137,20,147,124,148,106,160,106,137,167,54,50,52,29,160,138,192,50,252,167,137,36,160,60,27,168,152,138,170,52,160,137,52,60,171,138,168,224,27,138,168,160,152,80,170,83,168,152,138,78,192,87,160,251,168,138,160,27,152,78,17,192,168,160,138,27,60,6,137,52
27 75 247,191,225,124,45,93,69,53,247,191,225,218,83,82,108,117,137,124,185,244,255,61,228,132,108,255,85,124,137,185,178,61,85,108,255,242,204,248,92,233,225,85,108,183,83,132,117,254,85,18,230,225,211,201,182,100,230,85,151,18,112,127,233,100,85,103,230,54,250,218,100,148,51,85,250,54,218,133,103,204,85,51,54,250,111,228,133,204,87,85,165,230,174,177,83,181,165,87,229,185,174,162,242,172,151,230,166,211,177,122,239,138,151,230,211,239,201,138,7,105,165,87,172,162,181,58,230,85,151,230,172,87,165,162,181,166,185,229,165,242,204,58,87,46,229,183,87,165,185,174,242,172,247,191,225,124,45,93,69,53,247,191,225,218,83,82,108,117,137,124,185,244,255,61,228,132,108,255,85,124,137,185,178,61,85,108,255,242,204,248,92,233,18,85,188,112,218,230,100,233,18,85,178,230,112,12,62,151,178,230,100,112,18,85,127,12,230,85,178,186,127,216,7,17,85,100,230,233,218,12,210,135,85,218,230,181,100,233,254,242,230,216,186,85,18,112,33,151,85,218,230,103,131,177,204,54,51,85,250,54,218,103,204,133,85,51,54,250,111,204,177,133,87,177,85,165,174,250,54,181,218,85,204,54,250,37,185,242,85,218,248,233,37,54,250,230,233,230,85,218,186,110,216,9,18,85,230,178,233,112,100,5,178,151,5,18,236,230,186,112,5,151,236,33,12,230,94,85,5,151,248,233,230,85,94,186,151,5,186,127,18,7,230,194,5,85,94,151,194,8,160,186,65,23,85,233,181,218,168,87,218,233,85,230,216,186,60,254,186,85,17,216,218,116,33,230,186,216,7,252,33,151,28,222,186,7,146,252,212,151,216,248,7,151,212,79,186,5,230,211,65,8,230,29,23,131,33,211,189,218,233,85,230,185,220,204,186,233,5,216,230,7,8,83,18,186,233,216,112,85,151,230,18,233,186,5,60,112,220,236,233,33,220,85,5,222,60,151,233,85,5,248,218,94,131,220,186,85,103,216,120,241,60,218,186,216,7,5,38,32,75,60,79,186,18,218,216,220,252,7,186,216,112,18,7,252,218,239,171,60,146,186,109,85,216,168,17,103,186,241,218,252,216,7,186,5,252,75,236,222,17,10,17,252,28,186,112,222,218,209,65,85,233,168,58,218,23,204,189,250,54,183,218,85,37,217,218,85,248,250,54,204,168,164,230,177,85,60,216,86,186,233,135,18,233,186,216,44,85,110,135,85,233,218,210,110,100,54,85,100,233,230,245,135,186,241,18,100,230,210,245,7,59,135,100,245,210,230,135,18,112,85,245,100,210,135,85,224,26,233
28 75 107,158,182,126,57,166,93,89,158,107,88,93,166,218,18,89,229,93,60,75,18,238,92,227,229,130,18,107,75,10,218,28,130,166,152,252,229,28,51,170,18,130,166,14,229,218,248,92,130,56,59,14,53,222,233,10,130,59,222,234,51,246,148,190,130,170,152,232,51,166,252,233,130,232,152,252,201,10,178,170,130,246,252,51,170,152,232,210,130,229,233,170,51,28,222,66,229,163,130,233,210,16,236,172,222,169,128,223,74,31,204,24,222,169,128,226,74,241,140,24,229,233,150,61,98,43,80,51,222,169,128,43,31,229,204,5,163,229,92,205,28,238,9,75,163,229,28,205,35,130,150,75,107,158,182,126,57,166,93,89,158,107,88,93,166,218,18,89,229,93,60,75,18,238,92,227,229,130,18,107,75,10,218,28,130,166,152,252,229,28,51,170,130,10,56,105,59,53,129,222,59,130,105,234,10,53,56,66,59,234,130,105,56,246,148,53,74,130,241,246,59,148,222,248,130,59,170,51,166,53,152,28,130,156,170,51,166,152,252,229,130,59,222,51,241,53,121,234,130,170,232,152,51,252,220,28,130,232,152,252,201,10,170,178,130,246,252,170,51,152,232,28,130,28,229,170,252,233,51,35,130,170,156,152,229,252,46,28,130,170,230,51,152,252,46,229,130,222,51,95,241,121,0,229,10,105,130,59,222,56,129,246,59,130,105,246,234,129,222,56,130,129,116,234,222,59,51,105,130,230,54,222,116,51,169,246,130,169,56,222,53,241,97,128,130,193,222,116,51,246,169,190,130,170,51,96,156,152,229,5,130,222,229,227,212,51,121,95,130,201,71,222,241,121,128,51,130,241,71,121,128,105,246,125,130,230,241,71,97,128,178,45,130,128,169,241,135,97,125,45,130,227,246,156,212,26,241,3,130,156,229,170,152,212,51,23,130,128,222,147,241,26,3,121,130,59,56,53,105,222,234,241,130,56,59,222,116,240,234,241,130,116,51,121,59,220,241,188,130,116,230,51,222,180,218,220,130,78,222,241,149,232,51,211,211,74,130,241,116,78,222,169,130,56,241,138,105,222,53,232,130,241,190,105,56,220,230,179,130,220,194,116,51,23,41,230,130,241,78,222,232,177,122,149,129,222,241,116,74,250,179,130,130,241,222,105,232,177,30,190,130,170,152,218,51,236,23,229,130,156,152,252,170,178,164,113,130,152,170,230,252,235,51,80,74,130,23,229,20,108,11,14,130,56,138,51,222,121,20,108,130,190,51,170,152,80,108,82,130,149,51,224,54,222,108,200,248,130,56,59,53,132,234,108,130,224,59,248,234,108,56,200,130,248,224,6,108,193,190,53
29 75 112,106,171,42,249,25,96,125,106,96,171,25,86,125,112,42,248,167,183,111,91,72,246,208,64,248,25,126,18,35,241,86,64,25,248,20,35,48,241,242,26,64,248,112,35,25,246,242,64,31,224,19,232,35,240,126,64,9,60,115,28,31,35,241,64,155,200,35,20,115,242,230,64,162,155,230,35,177,126,200,64,162,20,164,115,88,100,35,64,250,20,60,87,124,121,248,248,87,64,22,20,0,124,121,240,60,150,31,224,28,204,100,240,150,224,204,31,60,161,158,87,0,60,124,5,22,250,71,60,240,5,31,204,250,224,87,22,15,46,87,208,241,64,248,248,22,87,64,241,0,211,20,112,106,171,42,249,25,96,125,106,96,171,25,86,125,112,42,248,167,183,111,91,72,246,208,64,248,25,126,18,35,241,86,64,25,248,20,35,48,241,242,126,4,64,170,171,224,19,165,9,64,126,35,170,37,165,60,9,64,60,220,19,35,170,28,150,64,165,232,31,35,39,28,64,115,165,35,242,19,60,21,110,64,115,242,165,20,35,200,164,64,119,115,35,242,31,19,64,155,242,119,200,35,115,20,64,162,155,230,200,126,201,20,64,162,20,164,115,88,100,241,64,20,250,248,87,124,76,165,64,110,157,20,115,230,17,37,64,20,115,242,236,142,200,230,115,64,31,189,236,240,92,137,126,115,64,171,189,31,170,130,115,9,60,126,19,189,32,64,115,164,60,64,214,9,199,66,115,236,64,66,31,28,230,117,19,189,131,224,190,62,115,3,115,64,88,131,66,21,19,221,64,20,115,172,35,182,186,160,115,189,64,31,11,12,240,198,115,31,189,6,240,224,64,12,164,115,6,90,214,189,31,41,49,115,6,41,190,224,90,173,49,78,115,225,224,6,88,99,115,37,225,64,165,39,172,49,110,115,57,64,20,242,68,186,115,189,6,110,60,90,31,68,19,115,189,60,90,232,31,37,115,19,189,117,237,142,37,60,115,164,214,189,60,62,229,117,115,49,64,88,71,189,21,39,115,155,64,189,213,31,173,90,150,189,185,90,26,99,31,117,185,62,115,189,31,224,4,90,185,19,115,224,64,189,21,90,115,49,213,64,189,173,73,77,155,180,115,128,189,232,31,240,150,117,66,232,189,224,41,90,62,185,115,180,37,64,189,3,115,119,64,20,186,37,213,172,110,119,115,64,20,172,186,160,20,64,230,115,236,218,110,142,26,150,242,189,28,64,165,35,115,64,242,213,19,137,78,31,64,115,20,242,187,99,137,21,115,64,236,242,155,137,34,31,232,220,4,19,115,31,6,37,19,220,115,64,165,88,9,187,115,220,64,19,88,21,187,173
30 75 31,174,160,32,75,88,47,217,31,174,75,94,32,160,141,172,199,39,160,217,174,254,161,3,13,18,199,155,126,108,174,180,13,192,126,199,134,203,176,234,13,192,55,199,155,180,94,39,13,55,209,219,192,143,150,231,116,192,13,63,231,99,250,150,13,6,251,177,192,135,134,2,72,13,251,203,84,234,177,134,19,44,13,50,192,251,134,99,44,134,13,197,179,43,192,104,134,43,161,213,163,37,201,44,231,35,150,180,26,149,107,197,231,150,149,180,107,36,11,51,197,163,134,205,13,15,43,179,231,197,205,150,149,26,179,35,134,126,43,15,197,163,254,201,134,213,43,163,197,161,203,89,31,174,160,32,75,88,47,217,31,174,75,94,32,160,141,172,199,39,160,217,174,254,161,3,13,18,199,155,126,108,174,180,13,192,126,199,134,203,176,234,209,13,18,143,192,219,52,116,116,18,219,209,143,13,52,94,116,13,192,143,219,52,51,17,52,13,17,231,192,107,122,94,13,192,116,250,17,63,50,162,192,112,13,128,106,2,17,251,192,13,116,231,52,99,108,112,13,6,177,192,251,2,191,165,72,13,203,84,251,177,97,135,19,44,13,97,50,192,251,134,134,197,179,13,43,44,192,19,159,192,203,135,177,234,13,71,192,13,69,251,112,137,17,181,192,13,106,94,231,17,159,248,18,141,13,219,94,209,192,143,141,116,219,18,209,13,143,192,116,192,13,90,17,94,109,231,69,231,192,94,13,149,248,1,149,231,219,143,209,130,248,107,162,250,63,13,192,50,149,116,192,148,13,94,104,187,105,181,94,13,159,148,192,231,106,24,94,72,231,235,13,248,41,47,231,149,90,72,1,116,248,94,149,231,73,248,69,162,1,107,149,231,162,248,99,151,210,104,148,94,192,104,181,38,113,128,112,192,128,181,13,106,155,137,192,112,231,159,47,13,248,26,192,116,13,231,209,143,57,47,116,192,47,86,13,231,27,48,192,106,13,116,250,114,232,41,192,162,69,13,231,50,57,232,6,231,47,48,13,235,94,1,47,231,235,67,72,248,48,1,231,66,108,48,47,143,235,72,231,116,143,248,149,67,46,99,99,192,47,230,38,13,60,162,235,231,6,41,48,237,248,47,231,47,109,248,48,122,149,212,235,231,41,99,47,67,72,129,192,148,24,13,60,105,230,14,112,128,192,187,60,135,137,234,69,192,112,13,135,177,223,234,55,192,13,88,191,86,47,105,192,130,55,219,13,17,27,2,250,192,63,17,13,99,2,115,6,17,13,192,106,2,191,165,17,209,143,130,219,141,40,2,116,17,192,2,191,40,50,151,17,192,191,2,250,63,40,162
31 75 204,153,87,221,194,237,24,99,19,36,173,167,94,35,207,121,36,154,121,173,162,167,75,194,162,36,35,75,41,55,238,154,35,162,41,75,51,36,125,195,35,237,162,41,75,195,154,36,35,247,67,83,162,198,60,14,35,162,14,30,99,198,146,247,35,162,30,132,42,96,14,125,35,54,162,96,30,42,221,99,35,162,96,42,183,30,54,173,162,20,35,205,4,75,224,109,36,162,75,121,20,246,148,26,94,198,248,5,58,176,159,92,198,5,159,129,248,58,138,94,4,205,20,109,116,167,252,162,198,5,109,205,58,159,210,227,121,36,167,201,20,26,164,116,116,36,75,121,20,154,167,166,204,153,87,221,194,237,24,99,19,36,173,167,94,35,207,121,36,154,121,173,162,167,75,194,162,36,35,75,41,55,238,154,35,162,41,75,51,36,125,195,239,99,35,55,162,83,60,136,35,55,37,162,239,47,247,15,35,37,239,94,162,47,247,14,35,162,14,8,198,204,160,67,35,162,30,14,247,146,36,47,35,162,12,30,51,120,228,75,35,249,14,162,198,132,135,8,35,162,30,132,14,42,77,75,35,54,162,96,30,42,99,132,35,162,96,42,54,30,183,173,162,20,35,205,4,75,183,109,35,162,30,96,12,228,72,243,35,162,51,30,195,214,79,97,35,162,8,234,198,132,79,146,55,35,99,37,47,162,7,244,37,247,35,55,47,196,198,7,35,196,37,162,239,47,247,146,35,162,51,198,60,43,80,210,198,248,35,60,239,162,210,247,35,162,198,43,210,34,179,80,35,162,130,12,96,30,234,150,35,162,151,72,252,209,198,79,35,198,162,207,132,8,216,70,198,35,239,126,162,18,218,216,60,198,43,35,126,28,210,18,60,35,198,43,126,28,18,210,35,12,162,130,72,97,78,120,35,162,12,51,234,160,72,184,35,146,162,198,210,160,213,234,35,247,37,162,198,99,179,55,35,67,162,7,247,78,84,153,35,199,162,108,228,146,234,131,35,162,60,43,51,179,198,234,35,162,198,179,132,13,43,136,198,35,132,67,45,141,179,13,247,35,198,99,219,162,179,37,198,35,60,162,18,157,160,72,35,162,150,72,24,255,69,242,35,132,18,198,216,179,162,8,67,198,196,179,18,126,24,210,35,99,216,18,132,162,8,72,162,35,150,130,79,148,255,246,162,35,12,96,214,30,183,255,35,162,96,30,51,42,66,77,237,35,162,154,150,234,14,153,247,35,162,14,8,237,13,197,35,162,42,51,14,114,146,228,35,162,132,14,51,8,13,197,247,35,67,83,170,8,132,55,35,14,47,132,162,60,247,197,35,162,14,197,247,31,132,38
32 75 205,117,35,172,27,95,180,111,95,27,53,112,38,35,119,2,252,112,53,2,250,35,95,150,58,71,248,252,68,66,27,19,146,68,195,178,27,19,252,150,224,27,178,150,252,68,66,71,101,85,14,144,176,27,167,51,176,109,144,123,85,179,143,27,175,37,17,117,176,27,50,65,175,37,116,174,117,66,178,27,123,109,117,179,112,140,85,27,98,112,134,49,178,117,237,160,160,112,250,53,49,38,41,95,64,176,33,227,167,246,190,101,64,33,176,167,246,49,227,190,112,134,186,192,90,77,252,176,176,186,64,96,254,98,134,167,112,2,53,90,95,160,150,119,112,119,2,252,90,53,134,160,205,117,35,172,27,95,180,111,95,27,53,112,38,35,119,2,252,112,53,2,250,35,95,150,58,71,248,252,68,66,27,19,146,68,195,178,27,19,252,150,109,14,92,78,242,101,27,144,248,58,92,176,144,66,14,78,248,92,26,78,176,27,144,101,176,33,248,27,117,66,252,183,85,176,86,27,179,101,117,144,238,178,113,176,117,158,66,205,176,144,120,27,26,76,117,179,175,37,17,117,27,50,65,176,37,175,116,174,117,66,178,75,109,123,117,112,179,68,140,27,98,112,134,117,49,178,205,160,116,192,237,178,185,106,117,75,146,195,178,117,66,68,86,211,96,186,75,176,66,116,117,42,58,248,66,92,176,229,78,28,248,78,28,26,92,176,22,117,22,80,78,176,144,57,27,123,146,176,195,117,66,194,86,27,85,14,176,109,92,117,66,16,85,179,140,12,86,176,76,117,113,99,178,238,117,254,205,237,96,186,116,117,42,66,176,27,116,42,176,66,117,197,171,27,109,92,117,176,22,66,48,120,109,86,120,176,66,117,87,195,75,120,57,176,87,179,28,117,117,113,99,150,238,154,205,245,178,238,113,66,117,158,227,63,116,178,42,18,66,176,75,117,176,26,14,78,117,92,66,22,12,14,162,22,176,117,101,146,18,123,48,117,66,80,85,22,146,18,86,176,117,179,195,27,176,17,117,157,116,194,66,199,176,224,197,117,66,24,105,46,176,14,157,66,120,26,197,117,120,12,176,146,117,76,28,109,146,211,117,86,176,66,27,179,176,17,37,157,171,24,232,117,176,33,80,243,16,188,126,171,176,144,171,117,78,179,232,105,117,99,113,231,183,49,105,10,238,113,192,117,178,158,49,68,146,195,178,68,117,194,237,66,224,178,117,206,197,66,27,176,14,85,206,117,66,178,176,50,85,76,123,117,18,27,179,66,89,17,117,66,194,199,176,212,28,14,101,176,26,85,117,157,120,109,12,117,176,101,179,27,123,85,179,27,117,76,50,205
33 75 144,241,90,127,67,9,32,98,32,127,144,9,241,39,90,231,127,0,32,9,241,164,144,92,127,176,9,255,0,241,39,137,127,75,37,97,49,6,241,7,127,201,179,156,241,40,99,71,185,127,245,12,246,84,179,169,127,102,139,68,56,245,250,49,127,23,117,214,94,142,40,72,152,206,59,127,18,247,240,182,234,127,132,95,247,240,104,59,127,227,39,53,115,77,86,113,127,43,164,0,17,77,140,39,192,3,245,195,74,108,169,220,192,3,195,169,75,21,77,98,127,238,183,129,115,86,43,3,3,238,93,183,195,169,190,86,127,92,164,72,52,43,9,83,127,92,93,43,32,210,235,220,144,241,90,127,67,9,32,98,32,127,144,9,241,39,90,231,127,0,32,9,241,164,144,92,127,176,9,255,0,241,39,137,127,75,37,97,49,6,241,7,42,127,199,245,48,176,69,242,176,127,195,250,235,252,124,147,127,133,250,195,245,176,235,181,192,127,142,245,241,39,67,1,127,234,56,68,102,203,47,245,73,127,41,49,245,39,241,195,234,133,127,142,56,250,102,49,127,23,117,214,142,178,94,241,152,206,127,18,59,247,240,182,234,127,132,95,247,240,59,104,127,39,126,113,77,86,213,140,182,127,49,86,244,232,116,253,75,37,127,97,49,189,6,94,49,11,127,182,253,58,142,195,176,127,199,49,42,250,17,27,42,250,176,133,49,68,54,199,234,49,167,68,189,203,127,250,189,37,97,94,75,49,181,212,68,84,195,53,139,10,48,137,56,139,181,49,127,36,203,104,190,127,41,49,232,104,113,209,49,11,182,127,58,253,151,238,206,182,18,59,142,127,10,195,181,234,102,250,68,107,49,224,250,36,97,37,48,49,229,108,5,161,36,132,250,162,104,38,190,49,127,41,195,113,53,232,73,127,49,41,241,113,232,88,49,11,59,127,18,253,206,241,250,49,139,84,212,235,185,127,49,56,212,203,181,142,246,127,234,49,253,95,107,203,142,229,181,189,37,97,49,6,75,235,23,214,28,212,94,117,11,142,63,156,18,212,142,206,199,28,68,103,181,212,54,142,250,199,56,250,139,181,235,212,88,49,97,75,36,49,37,71,113,127,161,23,117,142,214,94,10,5,192,42,63,154,195,142,212,48,139,142,250,68,167,102,132,235,190,127,113,41,49,142,108,137,73,49,41,127,232,113,108,215,37,97,127,217,75,94,49,16,179,201,127,156,246,40,241,217,68,5,103,127,201,179,124,212,56,95,11,127,139,68,49,54,214,23,68,94,49,29,127,142,68,54,84,245,103,124,5,133,181,56,203,250,235,245,47,162,68,139,95,56,235,29,203,127
34 75 63,85,231,202,105,40,92,234,63,85,26,231,92,105,202,219,231,85,92,26,186,113,63,132,51,63,234,204,80,15,182,249,51,63,255,204,212,234,9,130,51,204,49,217,63,141,199,234,94,18,249,47,204,73,48,195,51,48,94,44,195,238,47,240,182,58,51,12,206,107,187,54,206,241,183,51,152,11,102,222,183,51,44,240,72,222,238,206,84,51,1,108,26,245,137,228,63,92,85,113,26,133,186,168,16,47,140,45,137,34,70,222,16,47,140,70,235,209,192,24,85,26,1,207,96,51,186,180,207,180,96,82,1,101,47,140,186,63,26,92,85,105,1,86,85,26,105,92,1,86,113,132,63,85,231,202,105,40,92,234,63,85,26,231,92,105,202,219,231,85,92,26,186,113,63,132,51,63,234,204,80,15,182,249,51,63,255,204,212,234,9,130,249,143,18,80,73,30,47,209,80,143,249,48,47,15,226,160,143,249,80,47,48,107,15,122,47,16,177,51,122,114,123,40,195,51,48,44,107,238,143,5,51,97,161,47,34,107,202,108,48,195,44,47,240,238,51,222,182,58,51,107,12,206,251,187,206,241,183,152,51,11,251,107,183,51,44,240,72,222,238,206,84,51,108,1,142,245,228,26,51,9,205,252,63,45,108,202,51,212,255,187,61,108,63,202,205,51,47,180,101,202,196,108,80,47,249,143,15,166,223,122,47,249,80,143,48,222,107,160,175,48,240,5,202,47,8,194,212,187,255,47,54,202,70,222,143,18,11,202,249,73,47,222,195,44,238,73,240,222,143,72,51,88,161,97,62,228,192,130,205,180,101,196,47,51,9,61,47,152,196,205,202,234,51,153,240,175,109,48,72,64,202,166,212,255,109,238,90,222,44,28,109,227,238,44,62,202,222,28,88,62,161,97,51,34,228,108,51,97,161,34,192,199,62,203,95,101,175,51,202,205,196,220,143,47,48,18,249,195,128,109,195,48,18,143,109,170,141,11,48,175,240,95,56,252,202,64,212,255,44,238,222,202,52,90,12,58,47,187,54,70,202,235,152,47,54,70,202,213,192,250,177,18,182,47,11,227,152,109,195,222,44,73,72,47,240,175,255,212,238,44,222,51,108,28,47,58,153,187,177,249,54,12,47,16,152,59,248,50,23,170,48,240,44,72,47,222,177,195,51,88,161,97,62,192,228,108,51,97,161,62,34,252,9,192,51,255,212,187,188,202,54,19,51,49,217,202,141,107,230,213,227,18,11,94,141,173,202,47,72,94,51,195,202,173,44,240,182,47,187,173,61,51,107,19,47,143,18,103,48,166,202,248,48,195,143,61,47,173,141,109,48,173,195,61,44,240,143,107
35 75 225,203,102,213,66,170,174,96,43,102,225,203,42,174,170,97,203,225,102,42,72,174,84,18,43,106,95,174,225,97,180,243,43,22,136,49,97,225,203,102,224,225,203,84,174,213,156,214,117,4,201,6,229,226,131,185,148,97,190,247,191,6,185,80,7,10,80,71,3,35,102,159,7,29,35,10,3,229,159,92,191,29,35,209,152,97,148,190,203,102,209,57,40,107,134,152,174,43,72,84,18,42,203,241,161,247,4,201,113,40,236,186,161,40,4,201,247,255,155,184,57,42,72,161,145,160,238,91,161,57,4,153,201,160,145,247,43,72,42,84,57,86,22,157,72,42,84,86,18,112,57,203,225,203,102,213,66,170,174,96,43,102,225,203,42,174,170,97,203,225,102,42,72,174,84,18,43,106,95,174,225,97,180,243,43,22,136,49,97,225,203,102,44,217,176,230,247,219,113,32,217,176,247,121,44,117,180,77,176,217,77,180,97,121,247,136,217,247,255,97,201,71,136,253,217,97,148,190,185,247,80,102,217,247,6,201,255,22,203,97,217,97,148,190,185,247,201,71,7,10,71,80,217,3,212,104,7,29,10,92,3,35,229,115,191,29,35,152,209,148,97,185,203,217,102,0,33,195,152,209,22,132,218,225,66,40,135,86,49,203,217,8,40,106,115,136,217,132,153,201,6,247,95,255,217,176,95,201,131,121,247,146,217,176,247,136,201,121,1,100,217,94,5,85,1,2,96,201,217,247,49,201,1,136,40,236,117,217,191,201,247,65,114,236,190,217,148,97,187,247,225,201,203,65,217,97,201,1,17,0,153,217,225,247,201,71,255,65,217,247,255,210,201,71,131,100,217,94,2,85,201,5,44,255,217,49,201,44,247,190,230,249,217,148,190,230,201,236,247,74,217,46,33,65,97,225,203,66,225,203,217,22,66,102,141,213,153,217,2,5,85,95,225,201,217,185,201,40,210,247,6,5,185,201,40,247,210,217,100,12,94,85,5,2,96,191,218,201,190,49,148,136,96,201,40,203,217,201,40,247,6,126,71,184,217,201,247,40,6,173,184,71,217,201,247,40,117,126,255,184,217,201,210,185,247,136,190,148,217,190,40,97,148,225,130,78,71,217,247,255,201,189,7,40,201,217,247,40,62,1,255,6,117,255,191,201,71,247,190,152,225,241,71,189,221,245,97,74,22,218,66,189,128,245,40,173,49,225,196,217,3,35,66,40,224,217,225,214,6,12,189,201,214,217,6,126,201,115,110,255,191,185,136,180,115,78,217,76,217,159,115,201,62,71,146,6,217,247,117,180,115,201,40,152,217,247,185,33,184,8,201,136,217,97,185,148,152,146,33,190
36 75 159,45,186,201,73,106,212,56,45,56,73,201,186,161,212,159,45,73,20,141,186,212,201,56,73,21,45,138,17,59,235,186,73,234,235,45,35,186,28,0,73,255,24,35,235,18,186,28,37,79,44,73,116,35,114,139,73,116,227,39,104,79,176,142,245,203,73,0,116,198,235,40,251,245,203,176,231,145,198,187,39,203,245,19,231,142,225,235,165,69,25,235,63,226,116,7,45,20,212,75,186,165,73,27,116,110,104,98,34,114,58,32,116,104,25,98,58,69,110,204,104,120,98,83,70,181,116,191,104,98,116,70,181,120,139,114,45,75,14,201,83,120,221,20,75,20,201,14,69,83,222,70,159,45,186,201,73,106,212,56,45,56,73,201,186,161,212,159,45,73,20,141,186,212,201,56,73,21,45,138,17,59,235,186,73,234,235,45,35,186,28,0,79,114,235,138,17,44,121,228,228,17,138,59,79,21,37,112,17,228,73,138,112,21,59,116,116,114,73,112,210,235,40,32,227,39,125,73,116,114,235,104,116,181,104,114,235,73,210,248,114,227,37,73,142,112,116,39,245,73,198,0,203,40,116,235,245,251,203,198,187,231,176,145,39,203,245,19,23,225,142,73,165,235,7,226,171,5,199,151,120,14,73,165,203,248,3,45,234,235,73,127,116,0,136,25,114,116,73,104,98,235,127,25,21,17,228,79,114,235,116,40,17,37,114,21,79,32,244,116,114,246,116,67,142,32,127,112,114,234,104,116,0,32,112,127,79,114,37,44,116,104,58,48,114,227,142,147,79,165,199,19,207,199,165,114,171,104,101,224,114,98,235,104,25,127,73,116,251,114,116,210,40,244,104,127,114,142,246,79,195,67,25,116,114,147,227,234,116,155,79,130,147,114,227,55,112,39,105,116,207,105,112,165,219,76,151,7,181,199,112,224,230,66,151,64,67,116,114,195,104,251,129,117,114,44,79,116,37,105,112,104,125,79,116,114,37,244,44,127,195,142,67,152,246,248,112,202,227,234,114,39,116,112,226,115,114,253,116,105,0,210,8,104,114,116,210,251,105,239,123,104,114,116,48,112,44,16,31,36,114,79,142,47,116,112,122,115,75,19,165,234,191,47,227,224,57,114,40,55,116,105,253,112,114,116,155,104,127,204,105,223,142,79,47,226,16,114,244,116,207,165,224,226,105,159,5,16,181,248,165,120,224,112,7,5,234,0,203,116,235,127,169,92,255,24,203,116,114,129,104,127,48,210,114,116,129,84,24,32,125,26,127,235,142,226,36,143,235,253,127,114,25,32,105,210,44,48,116,210,114,127,32,37,235,44,116,125,32,114,37,79,235,125,32,143,31,134,165,142
37 75 245,72,109,13,165,145,219,138,72,245,211,219,109,200,138,165,72,39,165,182,138,104,109,219,110,72,244,165,214,145,109,156,165,145,55,72,220,109,219,121,165,50,219,14,57,55,147,105,196,162,87,55,225,228,126,210,27,87,78,165,55,105,16,169,84,164,95,105,87,220,55,113,248,55,97,48,28,14,227,149,55,248,3,152,169,166,27,250,165,55,182,152,242,160,125,194,72,24,39,116,206,69,71,63,87,55,210,165,139,9,45,228,87,165,55,8,93,221,210,228,72,182,165,87,190,31,65,180,87,104,31,190,182,58,247,165,72,23,138,206,88,233,65,190,23,39,138,182,104,88,72,190,245,72,109,13,165,145,219,138,72,245,211,219,109,200,138,165,72,39,165,182,138,104,109,219,110,72,244,165,214,145,109,156,165,145,55,72,220,109,219,121,196,110,214,139,55,9,0,109,214,110,156,244,55,139,243,137,110,214,137,109,55,105,71,244,139,87,214,102,105,137,55,145,105,55,113,27,78,36,16,61,145,139,55,87,84,105,143,102,55,105,78,27,87,113,109,127,84,164,105,95,220,55,113,87,248,48,55,28,97,14,90,81,55,248,3,152,166,169,109,127,165,55,72,65,182,63,152,194,55,165,145,190,48,143,67,175,55,145,109,220,165,84,144,152,87,55,84,145,93,165,109,175,244,214,110,109,156,196,87,92,110,214,9,137,109,159,130,244,135,43,9,55,161,60,165,202,55,84,9,139,87,165,221,220,196,55,162,9,113,165,109,160,55,3,169,78,166,165,109,152,55,145,165,125,250,48,175,19,55,165,93,145,87,84,109,9,55,165,87,93,109,221,139,102,55,43,60,135,160,161,109,196,55,193,15,78,139,27,196,87,55,27,78,3,38,109,169,113,165,145,55,207,3,175,85,25,145,55,165,250,175,25,38,3,43,60,165,87,55,135,105,147,162,87,196,109,55,225,146,102,126,162,196,87,159,112,225,145,135,43,161,60,55,67,207,174,55,27,78,166,169,113,109,16,84,87,55,164,165,221,92,102,87,55,50,90,221,225,9,17,162,87,109,55,139,102,17,9,55,109,169,3,160,202,113,54,55,3,61,169,73,165,127,109,84,102,164,87,92,55,220,149,9,159,87,210,235,146,11,139,55,165,109,3,102,169,16,61,55,95,125,165,250,54,86,232,145,55,48,143,165,175,163,125,55,165,145,48,220,38,95,105,55,50,105,165,71,57,159,213,55,14,162,57,87,105,147,159,55,126,145,152,166,3,113,109,145,84,164,4,159,55,105,87,139,87,247,55,162,102,105,109,105,4,55,3,196,162,113,139,55,4,3,169,105,165,16,113
38 75 209,120,249,0,103,151,109,144,209,120,193,151,232,249,0,144,209,27,151,249,125,148,2,224,120,177,209,195,141,156,24,18,209,120,173,125,0,241,95,22,209,146,79,120,173,254,113,86,209,132,52,167,113,114,173,157,209,215,173,157,125,145,169,251,209,136,97,4,22,157,173,86,20,209,97,254,124,173,86,79,209,173,88,169,215,251,254,191,209,173,125,252,117,159,61,206,120,209,144,108,249,193,42,103,103,167,157,173,209,191,206,233,103,167,157,173,191,233,115,241,209,103,120,151,159,42,196,117,209,151,103,27,148,167,92,157,209,120,103,249,104,151,231,210,209,151,249,27,104,120,28,248,209,120,249,0,103,151,109,144,209,120,193,151,232,249,0,144,209,27,151,249,125,148,2,224,120,177,209,195,141,156,24,18,209,120,173,125,0,241,95,22,209,132,43,52,114,66,226,15,55,209,141,197,24,50,204,18,209,156,141,24,197,242,87,18,149,209,156,141,157,242,18,179,209,173,88,215,157,242,254,125,209,157,173,114,254,4,244,22,209,157,215,173,88,25,115,231,209,136,4,97,173,157,22,86,20,209,97,124,254,86,79,84,209,173,88,169,251,123,215,104,209,173,25,125,252,191,143,233,209,173,30,101,120,254,9,123,209,173,157,22,95,125,131,140,209,157,114,4,173,125,244,25,43,236,141,209,195,204,177,24,63,156,25,209,149,242,87,18,209,201,30,234,163,173,88,157,209,157,173,25,226,22,39,114,209,132,25,173,157,52,254,226,209,173,42,25,176,17,117,215,209,173,71,176,123,18,140,254,209,157,173,25,4,114,244,123,209,157,173,124,25,244,114,4,209,173,157,25,201,88,234,163,209,215,157,25,114,173,226,251,209,173,215,251,25,157,196,169,209,173,25,123,99,35,254,191,209,173,254,140,123,25,157,145,209,163,201,124,157,254,173,114,209,157,52,163,226,244,114,88,209,157,74,244,79,173,39,84,209,30,201,9,234,163,88,173,209,173,123,87,215,157,169,176,157,209,136,173,22,25,4,252,157,209,146,4,63,25,86,173,209,157,25,173,254,4,114,52,209,173,157,123,62,254,25,180,209,173,145,123,17,42,182,157,157,209,136,4,244,173,22,131,157,103,146,209,226,4,14,173,209,173,157,123,42,62,158,129,209,173,157,71,176,123,62,42,209,30,173,157,9,123,254,101,209,173,97,79,254,22,157,4,209,146,79,157,254,4,86,97,209,185,157,79,97,160,254,4,209,173,42,17,87,80,254,78,209,157,4,22,241,136,25,173,185,209,157,242,254,173,52,114,209,173,87,157,242,254,241,79,209,173,241,18,222,87,254,110
39 75 162,108,63,115,140,222,159,10,108,162,221,159,236,98,148,186,110,154,38,207,12,108,69,159,142,37,127,108,66,209,107,22,108,23,241,146,16,154,98,107,108,177,85,13,62,34,181,10,99,44,66,77,108,220,97,154,239,158,44,188,154,178,18,61,16,23,146,188,78,145,61,182,55,240,78,29,62,52,188,181,239,231,154,158,98,179,129,188,162,2,154,97,159,169,227,206,162,238,98,42,107,190,174,148,120,146,101,113,141,223,228,225,42,120,146,101,142,149,175,136,162,238,174,10,73,228,206,192,162,154,146,38,110,190,243,217,238,10,222,73,228,114,162,229,110,38,217,69,12,222,205,243,162,108,63,115,140,222,159,10,108,162,221,159,236,98,148,186,110,154,38,207,12,108,69,159,142,37,127,108,66,209,107,22,108,23,241,146,16,154,98,107,99,66,251,108,5,77,44,154,83,209,101,137,66,22,168,108,251,66,209,83,142,5,168,22,251,209,136,61,66,154,22,219,239,44,158,154,78,188,61,178,146,248,61,145,113,16,199,220,239,44,158,154,188,61,18,163,16,23,188,146,182,78,36,145,55,240,78,29,62,188,52,181,239,154,158,231,98,179,39,178,154,2,97,162,164,38,159,228,75,248,250,9,246,1,154,92,23,16,146,241,61,145,98,108,9,61,146,145,220,241,16,199,66,209,5,168,112,108,97,7,66,251,50,209,218,136,5,95,246,1,248,250,239,92,215,89,16,145,61,146,23,220,62,160,99,77,44,224,210,114,220,154,239,98,158,154,162,44,231,140,69,139,154,178,253,248,18,159,9,61,145,146,16,220,182,14,61,14,220,13,182,114,62,97,246,248,1,239,215,250,92,97,158,224,72,36,97,239,61,220,158,98,239,139,224,18,97,100,97,139,134,208,10,98,225,18,241,248,9,23,98,68,159,178,138,215,9,62,61,1,246,92,44,99,77,61,62,215,154,251,44,77,99,154,62,242,61,17,246,1,250,248,92,215,239,154,239,158,231,154,18,98,95,127,16,61,145,23,253,254,182,18,85,61,13,177,36,62,182,181,77,61,97,220,197,168,27,182,98,239,235,253,44,198,18,154,239,18,98,231,253,103,24,204,146,16,23,61,182,145,14,224,85,97,182,61,168,13,134,177,239,98,18,172,235,154,231,253,69,253,139,18,159,182,148,178,248,241,9,1,92,250,246,61,23,16,78,145,62,61,98,181,62,177,13,85,181,61,78,242,62,181,77,242,61,78,44,197,239,98,244,44,154,146,18,90,146,16,145,61,182,62,181,213,197,167,77,146,44,154,61,99,239,44,154,78,77,99,146,18,239,98,154,44,140,18,190,231
