0 74 129,132,38,21,213,253,244,193,112,238,200,173,43,95,139,30,192,187,115,81,235,112,86,72,238,112,43,147,106,120,99,56,210,84,228,93,14,102,240,147,181,107,82,251,68,99,147,39,70,24,109,151,222,28,55,36,13,20,159,174,199,224,116,31,11,226,185,68,117,187,128,96,122,1,218,212,65,3,136,33,134,151,70,199,1,239,231,192,123,249,196,105,229,216,7,197,137,130,103,201,248,71,213,32,81,235,115,158,47,253,208,141,193,54,44,21,38,156,53,176,156,48,131,103,176,149,30,236,206,81,140,95,67,200,30,115,77,184,37,173,238,138,26,112,115,81,140,206,95,235,192,86,129,132,38,21,213,253,244,193,112,238,200,173,43,95,139,30,192,187,115,81,235,112,86,72,238,112,43,147,106,120,99,56,210,84,228,93,14,102,240,147,70,222,151,28,13,231,31,120,131,148,13,11,135,120,78,223,156,167,220,94,52,132,58,38,156,17,220,53,52,131,247,15,220,209,17,159,53,240,247,98,11,51,49,153,22,85,146,247,47,222,163,28,192,81,203,20,11,226,185,68,187,146,117,128,122,1,218,212,65,3,136,33,134,151,70,199,192,231,1,239,123,249,196,105,229,216,7,197,106,66,46,218,212,22,157,32,92,155,188,144,172,147,234,186,40,233,93,147,127,250,157,136,78,223,135,89,148,163,177,127,54,220,156,52,198,241,159,17,17,247,209,159,53,156,234,52,234,92,155,13,199,5,223,186,70,223,13,28,20,222,199,234,13,159,124,220,174,116,5,69,142,166,97,113,205,123,150,210,66,147,106,127,233,40,6,157,218,212,65,157,110,250,33,136,20,55,134,151,199,76,192,124,234,20,146,13,28,192,223,76,86,41,29,218,2,115,20,65,142,166,97,113,205,123,67,150,106,22,153,6,51,49,85,66,40,147,233,127,136,157,33,110,47,208,222,163,20,192,177,28,13,155,124,76,20,199,234,31,13,204,174,178,159,116,70,20,234,92,155,186,13,192,204,62,117,187,11,40,185,172,171,121,136,241,78,56,68,89,33,18,41,36,134,20,222,29,81,2,20,13,192,175,161,67,74,76,172,234,188,111,92,155,186,187,185,187,172,29,117,121,223,40,136,78,18,241,56,89,68,227,36,47,134,203,20,208,81,237,142,166,113,97,123,205,150,215,106,22,6,153,51,49,66,85,172,111,188,92,121,144,63,234,181,82,107,251,255,68,246,39,41,24,29,109,2,76,20,86,199,31,13,175,159,74,55,178,93,226,96,247,11,171,80,107,208,41,222,28,2,20,139,81,20,13,31,28,159,55,192,116
1 74 214,161,148,110,151,212,90,39,214,58,19,250,243,163,112,125,214,172,16,137,112,147,94,250,112,19,205,182,143,86,224,1,112,182,195,205,199,97,19,143,16,234,183,96,205,40,57,170,236,226,205,170,22,90,77,72,104,236,141,114,49,246,232,69,66,169,123,81,236,13,43,232,153,28,190,98,166,205,202,165,41,116,15,101,6,205,154,97,11,231,107,27,225,205,155,150,250,112,103,110,205,25,129,74,82,119,137,112,250,94,172,224,205,172,138,250,207,129,147,148,112,172,127,214,129,250,94,224,250,112,11,224,94,128,172,19,214,112,172,250,224,147,129,94,112,94,250,224,172,19,129,147,214,161,148,110,151,212,90,39,214,58,19,250,243,163,112,125,214,172,16,137,112,147,94,250,112,19,205,182,143,86,224,1,112,182,195,205,199,97,19,143,153,205,48,40,9,8,170,70,132,11,1,232,26,80,23,114,132,34,26,11,114,253,80,141,253,132,34,114,11,26,130,209,114,132,34,253,26,95,69,174,169,123,87,223,155,5,174,171,153,143,114,63,98,3,255,69,169,66,13,123,43,81,232,202,190,153,28,98,205,166,170,202,41,116,15,101,205,6,154,170,11,231,27,225,107,205,155,150,112,124,205,128,19,86,250,224,97,205,189,230,195,79,112,128,234,183,40,98,96,16,81,57,153,63,1,178,241,167,205,103,63,178,198,126,70,29,67,131,69,49,174,61,63,114,83,17,43,66,123,198,3,141,232,251,153,203,7,238,48,38,205,170,88,23,80,131,253,114,158,17,26,87,34,187,5,11,75,155,191,189,250,224,86,205,98,170,79,63,92,98,165,157,134,230,101,22,27,50,231,49,238,68,8,66,29,175,178,162,126,232,8,40,50,96,13,120,183,206,34,26,87,75,59,11,187,227,250,223,155,224,112,197,189,5,189,224,98,112,250,170,234,128,101,132,16,85,114,153,11,34,141,80,174,49,232,246,204,50,174,16,49,162,141,222,80,10,198,61,43,123,66,195,95,164,81,183,40,13,98,96,43,169,134,88,119,166,179,135,6,228,35,60,254,101,241,208,186,190,100,44,71,80,251,3,235,49,66,198,232,43,162,141,133,194,13,183,81,230,169,198,66,91,166,88,228,183,79,6,119,186,254,95,52,68,101,215,109,190,34,26,11,59,187,75,132,181,250,224,112,155,223,189,129,147,189,112,255,198,98,170,202,205,183,234,40,170,221,209,96,67,226,236,238,22,69,145,100,204,49,44,236,69,2,235,245,23,2,169,236,16,195,81,107,133,69,153,95,114,68,52,215,109,44,235,69,144,32,23,185,80
2 74 138,197,222,85,202,144,168,104,29,27,85,233,197,11,179,243,153,41,129,204,231,123,106,165,11,217,133,187,60,49,58,170,11,133,217,92,187,60,158,49,253,158,120,39,106,129,191,179,158,253,221,120,193,216,5,3,162,145,158,169,19,80,241,122,158,241,122,164,90,208,130,172,158,47,185,96,125,22,122,160,96,158,47,48,180,3,71,143,158,180,249,96,109,179,39,210,158,10,109,34,88,179,106,210,158,217,179,41,153,233,109,128,158,41,217,153,233,179,171,1,158,153,41,179,49,11,219,217,158,167,153,109,179,10,41,93,153,219,158,217,49,11,41,167,153,41,129,106,11,29,158,217,138,197,222,85,202,144,168,104,29,27,85,233,197,11,179,243,153,41,129,204,231,123,106,165,11,217,133,187,60,49,58,170,11,133,217,92,187,60,158,49,216,253,193,158,187,120,228,58,196,9,114,152,169,66,23,122,196,9,48,114,111,222,26,36,36,196,9,168,39,130,53,122,36,196,122,9,253,39,53,130,158,16,164,130,40,38,249,122,76,16,158,71,3,250,82,36,158,249,164,242,71,208,107,122,158,185,47,125,96,139,22,78,96,158,47,180,3,71,48,185,158,180,109,249,96,210,179,39,158,217,219,10,255,60,179,80,72,64,92,158,150,230,76,86,158,253,39,120,106,108,2,55,228,58,158,216,187,89,108,116,42,216,193,58,228,116,158,157,236,122,116,35,55,242,250,194,110,249,92,150,158,230,111,40,39,120,216,158,193,169,28,42,26,12,146,70,145,44,90,19,158,210,162,164,38,17,103,26,76,158,198,108,87,61,10,79,179,58,89,158,108,5,101,141,3,71,141,143,192,254,158,193,242,150,110,249,230,224,23,86,176,242,35,93,252,158,63,107,158,17,235,210,162,163,197,4,108,158,163,198,16,128,10,59,76,108,10,158,16,61,79,104,117,193,89,158,42,3,247,216,117,111,242,197,89,207,17,202,10,242,252,120,39,197,128,207,92,249,110,150,89,158,230,86,158,107,120,89,35,252,10,2,94,158,101,127,239,229,205,189,24,182,160,113,5,201,94,115,24,113,67,205,102,70,160,42,252,242,158,107,110,150,164,24,158,107,242,252,236,24,35,20,227,158,13,45,0,70,101,160,13,3,45,182,201,227,158,237,158,103,70,59,146,90,26,4,198,158,16,59,87,108,10,121,76,16,158,150,92,108,230,10,56,158,178,1,72,125,43,217,158,221,56,208,139,157,77,93,109,4,158,130,122,253,183,94,158,208,176,122,149,63,109,118,193,213,216,158,211,115,157,184,213,14,70,206,183,7,123,184
3 74 26,145,86,1,230,174,239,179,162,244,123,1,89,4,75,253,196,6,69,25,38,113,225,126,225,25,171,108,157,199,159,214,225,159,25,157,214,95,224,6,25,188,225,159,150,199,228,232,36,188,243,197,159,94,16,157,118,239,156,7,163,166,215,159,221,240,170,228,9,90,156,188,159,25,228,188,199,202,240,225,25,159,72,0,36,225,39,213,25,37,133,225,187,31,228,159,25,130,225,37,244,214,174,173,216,12,130,183,77,244,228,39,216,107,244,204,12,225,183,130,25,225,69,199,159,126,6,178,214,236,25,225,159,233,230,39,6,224,69,159,61,225,87,25,230,26,25,233,225,124,199,159,26,145,86,1,230,174,239,179,162,244,123,1,89,4,75,253,196,6,69,25,38,113,225,126,225,25,171,108,157,199,159,214,225,159,25,157,214,95,224,6,36,197,188,16,157,228,163,108,200,18,180,144,16,23,215,175,200,223,75,16,18,23,180,145,200,16,179,23,18,192,197,180,200,87,179,239,18,150,192,188,98,27,97,238,228,160,146,199,51,243,179,163,200,36,223,23,221,170,228,51,188,195,156,7,159,25,228,157,225,188,95,199,25,159,72,36,0,225,213,15,25,37,133,225,187,228,27,39,25,225,214,159,95,228,157,236,25,159,225,213,214,194,155,157,25,159,225,188,228,236,39,95,16,157,108,7,8,23,18,155,16,36,163,61,243,7,39,197,7,16,163,253,23,54,18,251,188,155,7,228,156,39,116,197,197,243,16,223,156,23,61,157,163,197,7,242,15,180,243,156,31,211,37,199,228,46,135,27,236,25,199,159,228,188,202,118,228,177,95,19,157,188,101,199,16,243,36,156,23,15,180,61,155,180,14,156,116,23,228,18,247,192,86,206,14,248,154,18,211,37,146,31,199,27,135,46,98,27,97,146,160,238,225,228,236,25,225,228,199,92,159,95,197,163,36,61,16,223,167,0,146,7,61,5,197,86,2,218,188,105,7,146,183,61,118,132,228,155,18,116,156,157,197,7,228,156,221,202,170,217,95,153,42,194,186,90,153,53,139,19,36,156,167,61,90,0,42,154,5,36,156,61,42,118,18,115,42,116,14,206,132,156,155,192,156,221,14,61,7,44,139,206,132,5,180,127,42,48,169,27,132,180,248,23,61,36,243,0,37,211,31,199,146,228,135,46,98,97,27,228,225,25,146,160,25,159,225,155,228,199,157,101,25,150,158,225,194,9,162,105,39,25,36,199,61,243,101,18,223,197,25,207,15,199,244,19,188,221,170,228,199,25,223,122,243,36,156,0,61,154,39,23,156,138,180,197,5,163,16,206
4 74 64,234,97,50,48,31,211,168,163,87,195,72,191,246,88,233,195,88,163,235,185,188,90,200,88,195,98,233,154,192,122,86,88,195,98,94,154,192,112,86,195,154,98,192,172,156,23,88,243,233,154,178,175,195,86,207,221,148,207,206,82,225,243,233,139,8,154,55,82,225,105,228,154,192,139,123,133,180,98,43,180,10,192,154,44,43,233,110,142,154,222,15,108,167,102,13,222,15,142,108,102,154,195,129,154,82,195,58,225,236,190,150,150,20,97,127,23,195,154,184,163,153,154,195,200,233,196,88,154,108,15,129,110,195,58,142,233,163,200,195,129,153,192,108,58,195,154,165,108,235,129,219,64,234,97,50,48,31,211,168,163,87,195,72,191,246,88,233,195,88,163,235,185,188,90,200,88,195,98,233,154,192,122,86,88,195,98,94,154,192,112,86,233,206,195,175,154,178,86,43,206,221,166,16,233,115,225,162,206,221,233,178,204,175,82,137,221,137,166,87,204,154,16,148,221,154,204,175,178,148,166,233,14,154,167,65,240,181,67,170,16,207,203,175,178,166,206,204,139,8,154,55,82,166,105,60,192,154,123,133,139,43,180,98,180,192,10,44,154,43,110,233,142,154,222,15,108,102,167,13,118,222,98,154,242,88,192,110,98,94,192,154,112,43,110,71,122,119,98,154,192,123,60,219,16,166,204,178,207,82,233,169,178,233,207,206,204,175,16,166,206,204,221,166,207,16,178,43,94,166,71,53,204,11,112,16,204,178,166,11,16,82,207,169,221,204,148,166,11,169,206,16,161,167,14,65,154,67,13,15,122,118,154,67,133,242,172,98,17,172,254,154,122,215,74,133,204,166,44,16,175,11,169,207,166,94,204,11,40,164,12,71,180,166,40,231,169,71,16,164,161,167,67,154,15,14,13,131,67,14,167,81,154,65,170,248,122,154,172,133,67,119,123,98,178,233,206,204,16,175,82,238,204,148,221,42,53,82,206,44,204,148,221,44,172,53,218,42,94,164,71,53,204,154,8,112,139,8,55,105,123,180,154,122,253,139,82,204,25,190,0,2,204,149,178,253,11,166,169,16,204,44,148,137,169,253,11,206,164,12,94,82,204,253,71,104,204,55,139,2,180,25,8,82,253,82,204,133,2,139,55,123,253,204,178,44,169,16,82,137,161,13,167,14,65,154,170,15,14,65,167,118,154,67,222,170,192,98,94,154,71,118,112,110,192,154,98,133,156,254,219,195,154,149,243,192,53,178,132,42,243,154,44,192,148,221,51,93,105,119,60,154,192,20,181,68,204,149,178,16,166,207,42,11,204,221,148,206,207,166,82,16
5 74 215,200,47,244,15,25,56,57,15,13,166,159,110,56,25,57,110,135,71,205,65,127,86,15,110,71,65,15,205,147,251,158,110,165,218,71,88,158,147,205,174,250,110,158,151,205,251,198,151,64,250,217,26,16,33,164,77,16,250,81,151,64,217,198,250,151,120,223,61,81,235,52,223,213,31,165,151,158,23,250,165,223,59,251,250,151,158,69,165,104,151,186,236,69,250,110,151,158,65,88,186,165,44,205,120,151,81,142,16,198,235,139,198,151,158,120,139,30,102,133,65,110,88,218,43,205,251,86,110,65,88,135,158,151,165,43,110,65,86,71,188,158,88,127,65,110,88,158,43,127,205,188,215,200,47,244,15,25,56,57,15,13,166,159,110,56,25,57,110,135,71,205,65,127,86,15,110,71,65,15,205,147,251,158,110,165,218,71,88,158,147,205,64,250,151,217,179,187,60,40,181,246,129,99,30,225,64,118,77,120,64,198,16,250,30,252,77,30,198,250,151,120,80,235,250,77,120,151,30,235,198,62,250,120,235,67,151,158,19,186,30,77,62,151,198,17,120,35,250,120,151,223,61,235,30,214,223,213,31,165,151,23,155,250,165,223,59,158,250,251,151,236,165,104,151,186,236,69,218,250,67,100,254,151,158,44,218,147,158,165,115,151,69,62,218,110,250,61,151,31,69,158,114,2,30,151,120,54,133,102,39,16,30,120,77,151,64,62,16,228,30,77,62,54,64,202,102,151,151,202,30,217,54,115,96,98,30,217,250,209,232,54,133,102,217,250,30,81,77,19,54,133,151,235,186,104,250,6,10,161,151,250,31,61,114,158,69,100,151,31,213,11,250,147,61,249,30,142,77,217,232,225,151,16,30,217,16,225,151,209,133,81,67,217,81,225,30,151,254,115,151,6,104,186,224,235,204,30,224,151,67,186,235,250,254,191,151,31,250,69,158,61,224,114,77,30,151,133,64,62,217,35,102,96,30,133,151,54,77,217,96,151,102,30,54,209,228,137,151,96,115,2,98,54,30,102,151,14,114,61,98,236,96,250,35,174,151,114,30,54,98,14,30,232,217,209,35,133,102,228,30,217,133,54,102,96,209,232,35,30,81,151,98,236,169,217,232,30,3,35,102,14,54,94,174,232,30,142,3,35,151,162,232,30,133,3,94,209,217,102,151,186,104,6,235,14,30,161,151,67,186,224,161,158,254,44,165,202,158,151,194,18,251,115,174,202,250,114,151,165,19,158,120,62,30,151,115,213,102,133,115,2,236,62,160,250,151,93,61,151,236,250,62,120,165,114,30,232,94,133,209,217,62,77,77,30,64,62,81,217,46,133
6 74 254,214,231,248,211,139,41,110,110,138,46,40,24,91,254,173,169,138,203,22,112,176,254,143,138,22,65,68,226,254,133,143,138,65,79,22,196,68,143,183,196,138,79,65,149,49,236,230,168,149,196,86,38,171,49,185,104,86,171,227,32,196,49,156,3,79,196,227,49,232,246,157,114,79,171,157,232,196,3,39,79,114,39,171,52,243,196,57,79,167,232,153,157,196,227,236,138,79,153,196,22,167,157,156,32,246,86,161,227,104,108,157,86,32,108,104,246,189,254,48,138,143,203,22,79,169,226,122,138,79,22,196,143,182,36,226,143,138,203,169,22,133,226,60,138,143,79,22,60,65,196,203,254,214,231,248,211,139,41,110,110,138,46,40,24,91,254,173,169,138,203,22,112,176,254,143,138,22,65,68,226,254,133,143,138,65,79,22,196,68,143,183,168,32,38,94,246,195,35,220,17,32,146,171,150,38,117,85,32,195,17,171,185,48,36,196,32,17,196,48,171,185,82,227,171,32,17,196,79,227,185,246,79,196,246,138,167,171,227,156,1,19,57,17,171,32,156,236,54,3,196,79,114,246,17,156,114,79,171,157,54,232,3,196,79,114,39,171,52,243,196,57,79,167,54,153,157,196,232,138,79,167,52,196,183,138,213,54,79,19,196,52,92,232,59,213,79,49,196,157,19,55,232,65,17,108,32,1,104,168,82,246,17,1,168,195,171,32,82,4,201,57,17,213,195,50,246,104,92,235,17,196,201,35,246,49,17,168,108,1,84,49,104,37,17,49,82,84,108,161,1,115,167,196,107,84,79,246,161,157,19,79,157,196,49,167,107,90,17,196,241,166,128,1,108,157,17,1,39,32,152,227,108,241,17,1,123,241,108,92,235,94,17,114,123,108,245,9,241,185,167,123,241,245,17,196,61,1,167,79,54,196,107,19,157,52,19,157,79,49,196,107,208,52,17,1,108,168,152,195,246,162,1,82,17,108,104,195,25,168,201,1,17,104,57,161,102,50,235,92,157,84,128,17,196,126,3,2,114,157,84,196,49,200,1,2,178,17,108,243,37,86,17,168,1,108,2,104,174,9,17,1,108,82,104,123,2,25,1,178,2,243,17,108,196,82,3,114,2,1,108,178,17,174,17,108,1,58,16,9,174,104,108,17,104,9,85,174,1,178,167,196,2,157,243,107,84,79,54,167,79,196,157,107,138,84,79,19,52,92,196,135,55,59,196,52,79,49,157,149,239,89,49,168,157,79,17,196,232,48,49,161,232,48,79,171,196,149,49,16,196,79,161,157,232,52,17,168,32,48,108,85,1,129,17,32,82,48,195,104,85,49
7 74 241,211,148,221,213,63,165,209,221,112,191,200,142,39,241,165,49,180,144,221,203,148,229,136,36,184,75,147,116,78,229,191,184,75,36,147,229,116,37,78,184,147,36,116,78,221,75,195,116,73,166,30,199,221,147,36,199,73,173,6,246,116,166,130,199,76,147,173,108,116,36,73,61,76,147,19,35,171,116,36,35,223,116,76,36,171,213,32,116,184,199,147,36,29,108,35,184,36,116,147,191,117,35,229,73,199,173,6,246,95,20,219,173,199,73,84,95,219,140,130,36,125,184,229,191,111,35,117,229,159,184,123,35,36,64,199,125,208,35,184,203,229,65,191,191,117,125,35,70,65,184,36,241,211,148,221,213,63,165,209,221,112,191,200,142,39,241,165,49,180,144,221,203,148,229,136,36,184,75,147,116,78,229,191,184,75,36,147,229,116,37,78,166,199,30,116,147,84,212,89,166,84,96,6,147,30,116,221,166,96,246,199,6,252,203,121,199,246,6,147,96,116,84,223,199,223,147,76,116,35,219,30,199,44,76,147,108,116,184,36,6,121,223,199,246,116,219,38,76,199,147,108,121,19,35,116,61,76,19,35,171,147,116,36,35,223,76,116,213,171,36,32,184,116,147,36,35,76,199,29,36,147,44,108,116,76,184,191,76,108,36,181,147,116,66,35,76,199,101,147,116,35,79,36,6,246,96,84,30,166,116,177,6,246,166,199,121,9,116,96,246,223,199,38,6,121,166,116,199,181,151,121,173,116,246,243,246,38,151,8,41,22,251,116,246,41,151,8,121,116,84,96,199,91,29,147,116,121,151,60,199,91,2,147,76,44,116,36,61,199,74,79,109,36,121,147,246,6,223,38,8,22,166,94,246,96,166,6,243,41,181,22,41,243,84,121,238,96,228,69,199,29,84,147,238,41,91,176,44,147,91,176,76,116,199,36,199,169,44,79,147,116,76,36,246,6,166,38,121,219,96,199,246,22,166,167,255,6,73,177,255,223,246,199,38,60,22,182,169,199,131,255,132,181,243,22,169,74,131,132,60,171,4,8,22,16,255,8,60,228,4,151,22,228,166,13,246,255,8,133,246,22,228,166,8,189,84,167,228,84,74,108,189,169,41,132,131,74,133,94,211,22,8,41,22,133,94,189,60,228,147,173,22,38,246,133,58,94,121,8,199,29,147,91,169,74,116,36,91,44,147,169,199,36,116,76,76,171,36,44,181,35,147,37,199,147,76,255,116,36,65,27,199,219,76,30,79,130,147,121,219,76,79,167,121,199,43,65,219,199,79,76,147,74,36,43,22,219,6,121,96,38,255,173,219,121,6,13,30,166,130,246
8 74 235,127,11,18,197,17,139,217,175,217,127,123,17,223,78,139,175,123,191,99,8,243,196,111,191,123,225,107,23,220,224,175,191,123,159,107,224,52,178,23,123,191,107,159,224,3,176,19,123,255,163,191,194,107,39,3,63,123,163,194,39,46,232,68,107,56,191,194,52,112,123,164,157,191,107,194,110,135,56,80,191,135,110,220,107,159,123,3,191,56,107,194,234,159,110,123,191,56,107,123,164,194,110,232,63,163,46,68,255,136,66,88,163,46,63,248,66,39,194,255,224,191,164,56,243,98,52,151,164,239,56,180,3,191,52,123,224,191,20,141,29,98,173,72,239,175,107,104,191,123,180,224,235,127,11,18,197,17,139,217,175,217,127,123,17,223,78,139,175,123,191,99,8,243,196,111,191,123,225,107,23,220,224,175,191,123,159,107,224,52,178,23,123,39,101,250,14,255,131,191,123,63,215,183,250,229,194,255,63,123,47,121,119,255,229,172,63,123,47,107,229,255,191,232,63,123,107,56,194,191,84,229,33,191,107,56,52,164,123,180,63,170,215,232,121,255,107,123,107,191,56,52,159,112,123,80,157,191,107,194,135,80,247,110,191,135,110,220,107,159,123,3,191,56,107,234,123,110,159,232,191,33,107,56,234,52,164,110,159,107,191,110,52,56,220,194,107,191,159,103,56,164,123,52,170,63,215,225,119,183,17,200,63,170,47,215,172,232,121,43,63,170,17,215,121,43,66,0,170,107,159,43,163,229,55,17,170,68,43,63,215,55,156,5,170,215,63,43,55,121,5,9,107,33,191,56,170,52,123,83,107,56,191,52,33,164,212,159,107,157,170,43,191,65,56,212,63,170,215,121,17,43,7,5,170,215,121,5,63,17,21,107,170,215,17,229,55,121,60,5,107,33,215,170,229,56,55,88,33,56,191,107,52,4,164,115,107,212,159,56,191,52,103,4,63,170,121,215,43,200,21,5,17,170,43,66,163,215,200,183,17,170,66,163,215,43,107,236,43,170,107,66,159,184,17,163,43,107,66,122,112,184,170,159,43,170,157,107,66,163,215,17,170,43,17,66,236,215,163,82,170,43,215,163,236,7,172,60,43,107,170,66,163,65,236,150,170,43,107,112,236,17,163,66,170,157,17,107,43,112,215,163,170,17,163,43,236,68,66,215,107,191,56,43,33,115,52,89,33,107,191,212,52,4,56,115,191,107,110,220,52,164,212,4,107,191,232,43,170,159,3,115,170,43,107,68,66,56,80,52,164,107,68,220,80,228,123,28,112,107,164,52,159,68,212,191,170,63,82,215,119,5,121,106,63,170,121,215,5,250,229,172
9 74 122,210,246,12,127,248,72,213,72,246,210,95,232,122,45,71,45,116,36,2,18,72,95,121,45,95,156,161,243,141,235,152,95,156,47,45,120,161,198,44,95,120,45,47,8,189,169,44,95,242,134,196,44,238,138,133,242,95,44,196,134,86,10,138,206,95,44,19,86,196,242,0,47,160,95,198,73,44,86,197,47,95,44,198,73,160,255,86,47,95,29,44,94,86,203,8,95,2,44,47,203,8,197,198,242,196,134,10,44,86,128,95,242,196,134,10,4,157,52,46,255,2,18,95,59,121,243,8,203,2,95,116,44,47,197,239,20,2,255,8,59,243,121,36,203,2,36,95,116,8,191,59,122,210,246,12,127,248,72,213,72,246,210,95,232,122,45,71,45,116,36,2,18,72,95,121,45,95,156,161,243,141,235,152,95,156,47,45,120,161,198,44,95,134,46,220,44,138,147,196,196,95,134,138,32,80,44,56,134,196,95,138,32,44,80,58,196,95,44,134,138,128,144,10,95,44,196,134,8,138,86,0,132,95,44,47,94,198,8,197,196,134,138,44,95,0,65,10,206,95,19,44,47,198,196,0,47,198,160,95,73,44,86,5,47,95,44,198,73,160,20,255,95,29,47,44,94,8,161,203,240,95,156,47,44,132,197,198,47,156,95,198,67,44,8,120,217,95,47,120,67,198,44,8,196,134,111,65,52,138,242,10,134,196,138,111,65,10,52,80,134,111,65,196,138,10,44,52,134,96,111,95,120,10,15,106,10,134,196,111,144,80,242,4,10,134,111,196,64,138,44,27,39,94,29,95,132,44,131,8,217,95,156,132,126,47,178,44,196,151,96,95,111,138,0,80,134,196,52,144,10,80,111,95,10,96,134,196,144,80,21,95,10,21,196,144,96,80,134,74,39,10,94,196,29,21,126,80,132,95,126,197,44,94,47,13,217,95,151,156,47,120,115,44,52,196,32,10,111,42,0,134,52,111,42,75,32,196,234,65,111,52,95,75,42,61,65,62,111,96,15,95,153,226,123,120,178,19,111,95,206,96,240,217,52,196,111,42,95,178,206,19,52,196,111,139,144,10,65,159,10,196,144,52,111,42,80,21,96,111,95,10,196,16,42,144,19,144,95,139,196,22,206,96,196,19,52,22,139,111,206,10,52,139,196,144,111,80,159,244,39,29,94,95,44,13,132,215,94,132,95,47,197,13,44,156,47,95,198,73,156,120,197,240,95,47,120,198,8,138,111,196,0,196,8,95,42,65,44,212,0,5,8,95,47,44,197,212,206,120,0,95,5,47,178,197,196,65,0,52,134,80,159,171,196,134,65,0,32,10,52,95
10 74 14,179,175,192,236,206,43,120,175,120,14,183,100,249,179,136,243,65,162,27,177,129,188,176,25,243,91,247,65,150,234,177,247,91,234,9,243,124,25,65,68,247,234,25,243,91,124,199,146,15,239,153,194,67,124,241,146,232,8,239,15,194,124,31,163,234,247,137,8,40,171,124,98,234,187,251,12,124,247,111,98,234,187,111,251,242,12,19,234,169,198,247,98,130,187,91,198,169,247,234,91,65,125,36,146,232,8,15,31,7,239,153,15,239,232,153,176,146,7,26,65,243,198,247,125,157,133,91,88,247,234,157,240,91,65,196,65,243,185,157,247,125,133,162,198,247,65,185,243,125,157,39,14,179,175,192,236,206,43,120,175,120,14,183,100,249,179,136,243,65,162,27,177,129,188,176,25,243,91,247,65,150,234,177,247,91,234,9,243,124,25,65,239,205,174,254,112,204,200,146,109,146,239,49,30,15,119,116,146,239,232,109,101,49,107,122,146,239,181,8,109,232,122,30,146,137,8,239,247,232,194,40,247,234,137,40,124,198,171,63,146,239,19,15,26,122,181,119,163,137,247,234,19,194,124,40,98,187,12,234,251,124,111,247,98,234,187,111,251,12,19,247,169,234,247,198,98,130,187,91,161,198,234,247,91,124,72,169,234,9,91,161,124,252,247,81,62,63,234,124,247,40,239,171,109,239,228,15,146,116,30,140,146,239,109,15,119,26,116,181,146,19,239,116,228,66,26,97,66,218,9,81,239,116,207,252,239,15,57,197,146,66,140,232,239,57,15,232,66,146,5,105,130,247,198,63,234,40,66,124,161,63,253,62,247,40,124,171,26,239,220,228,63,124,40,12,239,146,30,228,242,19,220,181,239,15,30,218,140,250,220,174,239,117,15,17,250,233,30,237,26,216,239,130,1,220,63,15,248,247,63,198,130,124,171,253,161,63,62,124,239,247,171,40,146,239,15,26,181,246,138,70,239,81,146,8,105,66,246,179,239,19,8,66,116,228,137,242,66,9,252,218,239,81,8,116,163,31,66,239,81,159,63,40,239,246,68,12,31,159,250,124,239,197,119,181,154,7,12,59,239,246,12,7,30,15,197,181,239,31,12,159,246,7,26,40,239,163,7,181,12,197,124,30,239,68,12,124,154,23,181,197,239,154,12,197,181,119,146,59,130,63,247,124,40,198,171,26,130,247,124,198,248,253,234,171,161,234,9,111,253,247,124,91,68,63,234,124,239,161,34,40,239,31,234,159,232,17,59,246,234,9,232,31,222,247,63,59,234,229,163,9,63,124,40,222,239,59,181,146,119,30,225,15,239,146,181,31,7,15,158,127
11 74 24,104,34,126,221,219,180,171,180,41,246,96,143,149,152,162,13,92,192,138,226,4,228,88,27,88,107,7,204,150,108,228,153,3,107,27,7,145,150,204,64,107,111,87,204,88,128,7,37,6,8,100,12,65,168,225,6,111,237,220,37,100,12,59,174,111,18,116,107,142,85,3,54,156,158,199,191,111,107,201,158,54,3,199,169,111,98,191,189,3,42,158,111,191,107,54,189,206,128,160,191,108,3,86,111,6,2,42,8,100,37,56,6,42,111,100,8,2,135,254,160,108,206,128,106,89,12,150,42,106,160,191,111,107,206,128,150,89,128,160,206,108,124,204,160,108,206,128,62,86,12,106,24,104,34,126,221,219,180,171,180,41,246,96,143,149,152,162,13,92,192,138,226,4,228,88,27,88,107,7,204,150,108,228,153,3,107,27,7,145,150,204,12,6,146,14,56,8,65,68,6,37,222,14,12,56,237,220,6,237,37,101,12,56,8,231,6,37,12,111,42,56,220,204,174,56,111,220,231,6,14,12,20,174,36,111,107,3,145,160,6,37,136,238,157,14,59,204,136,174,111,18,142,107,116,14,156,54,158,201,199,111,142,191,158,54,199,3,169,111,191,98,189,3,191,42,158,54,111,169,49,189,195,36,27,107,3,20,153,3,238,49,111,191,27,145,111,66,27,3,238,145,106,162,6,56,157,37,146,9,242,231,37,6,157,8,67,237,146,231,197,37,157,220,237,6,12,146,153,114,145,174,111,10,3,137,218,8,6,2,190,37,67,231,8,59,220,2,67,194,6,53,20,111,145,36,174,133,3,194,111,27,36,145,195,66,133,99,158,27,156,6,111,247,207,8,6,158,190,67,218,8,146,37,8,153,2,158,190,114,116,67,6,209,2,8,170,190,116,146,158,8,20,6,2,236,151,111,36,111,20,136,133,238,145,19,111,238,27,133,66,145,156,194,37,6,157,67,8,146,155,237,242,222,220,59,157,145,122,6,220,157,242,59,222,124,111,159,145,114,111,153,116,15,3,194,109,111,142,18,145,156,116,194,64,201,109,42,17,250,6,67,6,37,2,67,190,146,10,240,6,190,222,8,2,67,59,216,114,201,116,207,109,17,2,190,116,151,142,18,2,6,17,207,42,64,6,145,12,2,134,67,201,6,37,190,2,211,67,212,20,111,145,238,194,133,185,174,20,36,238,111,133,140,136,145,238,130,195,153,3,49,98,111,111,64,42,238,12,27,106,3,231,250,109,56,17,111,59,3,3,231,220,59,85,111,103,17,18,111,3,142,85,250,238,155,6,37,146,240,190,56,67,231,56,6,2,220,59,37,8,237
12 74 124,247,52,68,79,137,127,167,4,124,68,24,77,216,52,167,169,221,100,16,199,24,235,126,221,169,47,1,199,145,39,60,221,1,39,145,169,208,60,65,221,1,169,39,68,216,235,174,221,139,68,152,1,239,107,39,50,139,208,152,135,39,172,170,39,208,139,67,1,221,65,3,39,1,67,219,221,206,33,65,39,208,157,33,221,42,194,23,39,74,208,26,221,63,3,1,74,39,221,65,26,1,93,60,50,139,208,152,135,170,173,39,139,152,135,172,170,50,173,61,60,221,220,93,223,145,74,39,220,60,221,39,208,3,209,53,221,60,145,220,39,193,192,0,221,74,93,220,65,60,44,39,124,247,52,68,79,137,127,167,4,124,68,24,77,216,52,167,169,221,100,16,199,24,235,126,221,169,47,1,199,145,39,60,221,1,39,145,169,208,60,65,221,1,45,47,152,139,239,208,50,139,172,47,208,175,230,221,50,208,23,139,175,152,172,230,139,50,208,221,230,172,39,1,50,139,208,39,1,3,65,221,39,1,221,3,160,65,208,128,139,50,115,208,172,231,102,61,160,208,39,242,115,139,67,1,39,1,67,239,55,194,101,206,39,208,157,33,221,194,42,23,39,74,26,63,221,208,1,242,39,74,1,221,63,191,60,26,39,191,1,65,94,155,212,20,39,43,191,139,1,65,142,221,47,139,172,20,1,208,175,152,50,139,208,61,47,172,231,82,50,139,80,208,61,172,231,82,80,219,160,139,45,222,84,208,139,231,61,99,166,172,233,80,139,210,61,99,231,222,80,135,160,39,26,63,65,3,74,128,115,43,39,128,15,1,20,85,139,231,56,172,144,147,80,61,231,50,200,204,61,175,208,172,204,231,55,50,129,172,61,233,129,204,231,172,55,162,139,183,56,26,160,7,63,32,172,139,160,115,39,128,242,74,65,1,115,39,139,172,3,231,102,191,50,61,82,64,36,139,217,55,61,50,64,82,158,5,222,27,61,50,80,157,82,172,160,208,80,61,3,147,20,84,55,11,67,128,80,133,186,20,12,55,61,12,186,80,82,172,36,64,61,166,36,172,12,82,233,57,61,12,27,36,230,2,64,172,12,61,172,80,160,231,133,55,67,12,230,61,55,172,80,57,61,82,64,80,36,230,172,162,61,12,230,36,172,233,57,27,26,63,160,74,128,15,3,56,74,39,63,26,242,160,128,65,39,1,128,191,194,138,134,15,39,3,192,36,138,61,1,117,166,61,139,172,36,231,82,210,210,39,208,157,237,3,132,139,106,67,210,128,35,39,3,1,175,230,139,166,172,36,204,82,139,50,172,210,97,231,36,255
13 74 71,221,231,139,135,241,78,253,231,119,132,221,177,167,161,64,251,149,141,236,135,132,89,202,202,47,20,182,135,3,236,89,47,202,66,154,20,132,3,89,47,202,164,3,251,66,190,154,47,230,62,249,203,130,88,246,47,249,185,62,39,246,88,0,47,66,154,224,137,200,249,88,47,42,66,37,175,154,224,219,47,37,214,219,175,154,42,108,47,43,66,219,175,154,130,108,47,134,66,43,182,147,108,224,249,185,47,62,136,246,39,88,249,62,185,246,39,128,112,136,89,182,47,134,66,202,84,160,112,138,47,154,108,182,224,66,89,202,66,182,151,44,84,32,134,47,138,182,108,84,66,202,71,221,231,139,135,241,78,253,231,119,132,221,177,167,161,64,251,149,141,236,135,132,89,202,202,47,20,182,135,3,236,89,47,202,66,154,20,132,3,89,47,155,128,88,3,130,190,154,128,47,185,0,191,136,249,110,128,185,47,0,126,130,194,101,128,47,110,191,39,130,154,239,47,128,137,110,130,126,191,88,47,154,33,66,130,202,43,125,128,47,185,110,0,130,184,203,47,137,203,154,21,130,224,200,42,47,37,66,127,190,154,175,47,37,214,219,175,42,154,108,47,43,66,175,113,219,147,108,47,33,66,43,147,130,108,142,142,47,6,224,66,130,168,154,47,142,6,128,154,130,199,137,128,47,155,191,110,130,80,184,128,47,185,110,0,19,191,184,128,185,47,0,187,110,191,184,47,128,191,187,185,137,116,249,185,128,19,47,53,184,187,163,185,47,53,187,128,191,184,137,47,43,137,130,154,33,6,224,33,142,47,61,154,224,130,137,128,47,53,191,249,184,187,79,27,185,128,0,110,47,191,53,128,53,47,110,27,38,249,185,128,53,213,184,7,27,163,62,128,53,47,43,211,137,109,213,47,33,61,154,130,43,137,237,128,61,47,110,130,39,53,191,128,110,0,47,185,184,198,27,110,47,27,128,184,79,239,249,110,47,128,249,239,126,101,79,47,110,79,128,38,207,166,224,47,200,110,79,237,154,207,249,110,128,184,79,27,47,198,249,110,128,1,79,47,184,53,27,110,128,1,53,47,184,27,79,1,47,128,110,184,199,79,224,128,1,47,200,110,184,224,100,110,128,79,47,53,27,184,253,128,1,110,47,184,53,79,249,47,43,61,108,154,237,74,130,33,47,43,61,147,108,130,224,142,47,6,154,224,66,127,61,61,47,154,110,237,95,164,147,110,128,230,47,191,124,39,184,230,47,154,124,123,39,110,6,47,200,124,110,154,39,6,68,128,110,184,47,191,53,39,68,128,47,191,0,126,185,194,124
14 74 57,217,140,200,244,81,136,197,217,57,244,211,123,136,191,181,71,123,12,191,103,230,88,127,71,103,137,12,154,193,160,189,137,52,64,167,125,189,51,160,12,137,193,52,103,110,71,160,12,252,160,152,79,97,54,218,17,252,192,152,160,76,79,218,52,137,167,160,106,252,38,159,38,52,160,159,137,106,40,218,52,137,10,160,231,167,131,125,52,137,160,218,131,105,125,64,137,52,64,160,218,51,32,54,252,192,52,152,1,15,218,17,192,252,152,15,1,141,79,76,137,189,64,32,51,52,103,148,52,137,218,131,51,252,105,160,189,28,103,125,137,32,53,105,137,52,32,148,64,160,51,224,57,217,140,200,244,81,136,197,217,57,244,211,123,136,191,181,71,123,12,191,103,230,88,127,71,103,137,12,154,193,160,189,137,52,64,167,125,189,51,160,252,160,66,57,34,6,138,106,252,152,141,71,17,160,1,192,17,252,152,138,71,78,192,141,152,252,160,192,71,138,106,52,252,138,160,131,105,52,106,152,137,52,106,167,160,51,64,147,252,171,152,41,141,192,172,87,171,52,137,106,160,252,224,138,38,106,159,160,52,137,64,203,52,137,10,160,231,159,131,106,137,52,160,64,131,159,218,231,137,160,52,51,147,64,224,189,160,52,106,137,231,167,159,51,160,52,137,51,152,252,106,167,138,252,160,152,192,141,27,87,252,141,138,192,152,17,165,87,252,138,141,192,17,36,22,111,252,111,141,15,67,77,73,192,252,141,192,152,1,174,15,87,252,192,141,111,77,130,15,122,52,137,160,224,51,167,106,105,160,147,52,224,51,86,137,252,252,192,152,141,160,82,165,138,252,192,152,130,1,153,17,227,192,252,153,15,101,76,152,122,192,76,15,252,101,23,153,176,192,160,252,15,224,18,76,23,160,50,147,52,51,224,137,106,252,160,192,138,147,224,52,82,152,252,17,192,141,82,160,78,17,152,36,179,192,141,80,73,138,160,152,179,36,141,111,192,179,52,160,138,36,192,111,73,38,160,52,36,73,192,224,179,192,152,73,252,141,101,160,15,152,1,192,141,130,174,199,80,1,192,141,152,15,23,153,42,73,160,224,192,42,141,36,15,38,1,152,192,6,141,160,80,192,152,1,73,15,160,252,141,152,1,192,80,199,141,15,174,160,52,224,137,51,50,124,6,50,160,137,52,51,147,224,6,50,51,231,160,137,106,189,52,160,137,51,50,105,224,106,52,235,152,138,192,27,141,168,80,235,52,60,27,138,106,131,160,235,138,152,27,52,160,168,80,152,252,168,1,235,141,138,27,138,17,235,252,152,168,131,78
15 74 183,191,117,254,86,124,102,34,225,247,218,191,117,82,157,48,244,228,137,255,185,229,150,124,228,229,108,185,136,217,244,225,229,108,242,248,225,87,165,148,225,108,217,229,153,127,228,183,18,230,142,225,233,112,127,211,151,18,230,6,142,122,85,7,148,233,230,142,220,103,4,85,51,250,54,103,204,116,148,177,51,177,54,250,133,148,165,217,230,87,54,165,174,148,100,4,54,250,165,229,242,87,162,174,151,230,142,7,122,211,166,146,151,211,230,7,201,142,22,105,229,148,87,165,58,242,162,185,87,166,165,230,148,174,162,232,229,185,165,242,244,46,58,174,229,162,58,148,165,87,242,185,183,191,117,254,86,124,102,34,225,247,218,191,117,82,157,48,244,228,137,255,185,229,150,124,228,229,108,185,136,217,244,225,229,108,242,248,225,87,165,148,18,112,188,85,233,217,110,230,230,7,112,18,85,142,151,10,230,18,178,6,122,7,100,112,230,175,85,220,148,7,135,17,230,100,122,220,233,210,155,142,148,220,233,230,155,4,181,242,186,230,151,216,7,18,175,122,230,181,220,233,177,240,151,148,177,51,103,204,116,250,54,148,51,177,250,54,133,148,217,165,177,174,54,87,165,250,148,204,54,242,250,204,148,87,200,147,37,248,54,233,250,204,85,174,233,230,220,181,148,110,175,151,230,18,112,233,188,186,110,100,186,151,230,178,7,5,112,18,151,186,5,230,236,234,100,94,5,233,151,248,186,230,236,194,186,127,5,7,151,234,230,8,5,186,151,234,7,194,8,183,233,181,220,65,81,174,87,232,233,220,230,181,204,174,87,102,186,230,7,151,216,233,116,8,186,151,7,216,10,230,8,33,186,7,151,216,8,248,212,230,7,79,186,8,151,211,212,230,7,186,8,233,57,230,79,220,189,220,233,148,174,181,204,232,186,220,230,181,151,216,233,85,186,216,151,230,7,18,220,142,186,216,151,60,230,220,5,18,186,233,230,151,220,60,5,222,233,186,5,230,248,123,151,220,186,233,103,120,220,5,239,146,186,216,5,146,7,60,151,230,186,216,17,7,5,252,239,10,186,216,7,8,75,146,151,18,186,216,146,170,60,220,5,234,186,216,17,241,103,7,252,220,186,216,5,60,8,252,230,75,186,17,216,252,7,239,10,32,233,220,181,81,85,148,217,232,37,204,220,87,233,174,189,147,248,204,250,54,148,240,229,20,181,220,174,85,200,151,148,230,186,216,110,230,220,26,245,44,135,110,233,18,230,220,245,100,230,100,220,186,110,245,216,85,230,7,17,18,100,186,245,10,245,100,230,122,18,135,7,127
16 74 89,166,41,245,220,50,210,174,89,245,88,203,166,16,107,227,93,60,88,75,18,63,248,89,130,93,107,75,10,229,177,245,130,28,252,229,166,170,51,60,130,229,166,75,227,14,51,18,130,233,59,14,51,148,222,10,130,222,59,234,51,82,169,233,170,130,233,252,51,232,222,150,130,252,232,170,233,51,10,28,252,170,130,28,190,51,98,233,170,51,233,130,5,229,252,28,130,252,170,229,233,51,28,5,222,169,51,234,233,31,26,128,222,169,74,226,241,128,140,179,163,229,43,130,28,9,51,252,170,233,51,229,43,169,222,31,60,163,38,28,229,130,252,35,229,43,252,170,51,28,130,9,89,166,41,245,220,50,210,174,89,245,88,203,166,16,107,227,93,60,88,75,18,63,248,89,130,93,107,75,10,229,177,245,130,28,252,229,166,170,51,60,130,10,233,51,59,166,190,56,130,59,169,234,53,82,148,241,59,234,130,169,82,246,148,3,130,59,148,51,233,222,74,229,130,59,170,233,51,53,234,252,130,170,51,252,233,156,229,28,59,169,82,222,130,246,148,234,130,170,51,232,252,233,205,246,130,252,232,170,10,28,233,51,252,170,130,28,190,51,98,246,130,170,233,51,252,28,5,229,252,130,170,28,156,46,51,229,252,170,130,51,120,46,28,233,51,233,170,229,222,130,148,252,10,222,148,116,129,51,130,241,222,59,82,116,169,148,234,246,222,116,129,82,169,148,234,246,230,222,169,116,129,54,148,51,169,222,116,53,128,241,82,129,169,116,222,128,129,82,86,97,51,5,170,233,150,252,152,196,156,51,170,233,252,229,152,212,222,26,148,241,169,246,121,119,169,241,125,82,128,246,234,190,169,128,230,241,125,97,121,82,138,169,128,222,3,125,241,26,26,5,3,196,71,128,194,148,170,156,51,233,252,152,150,26,222,51,130,246,156,116,229,148,82,222,241,59,128,169,234,56,222,116,82,234,241,240,129,20,222,82,116,129,241,240,47,51,222,116,180,47,241,230,253,194,78,222,116,119,95,233,149,241,116,222,169,241,128,148,47,129,222,241,169,53,138,154,116,82,241,222,230,128,169,122,211,220,222,116,211,122,241,95,194,165,78,241,222,147,232,122,211,177,116,222,241,128,129,148,47,169,222,241,53,177,122,232,169,82,5,51,152,233,212,170,196,98,252,170,5,156,130,28,150,120,252,170,28,152,130,51,46,156,51,233,130,133,150,229,80,170,222,121,51,73,167,132,152,138,170,51,20,233,190,152,150,0,149,222,51,212,229,20,152,108,248,53,169,125,241,108,3,59,224,82,234,59,169,248,108,45
17 74 150,198,106,171,112,29,175,121,96,106,26,171,150,125,25,86,248,249,86,150,45,59,74,72,248,25,74,64,35,18,249,45,35,64,248,25,115,20,74,241,150,248,26,25,64,171,35,74,35,64,126,19,115,31,240,248,21,35,60,64,240,31,9,115,35,64,115,155,20,242,60,28,64,155,35,20,162,115,226,48,64,162,20,35,164,115,230,48,64,162,115,20,35,250,87,60,64,35,115,20,162,248,250,87,60,240,204,71,31,28,232,220,240,204,31,60,71,73,224,232,64,87,248,0,35,5,20,22,60,5,87,71,166,73,36,64,208,248,5,22,64,87,211,167,248,64,115,87,0,35,20,250,150,198,106,171,112,29,175,121,96,106,26,171,150,125,25,86,248,249,86,150,45,59,74,72,248,25,74,64,35,18,249,45,35,64,248,25,115,20,74,241,126,64,35,115,60,224,19,10,232,64,60,19,9,62,165,164,60,232,9,64,21,35,220,27,64,232,35,115,240,242,31,243,35,60,64,21,115,220,28,242,35,64,115,110,242,60,20,87,164,35,60,115,19,27,64,232,35,242,64,115,119,155,187,60,64,155,35,20,115,162,226,200,64,162,20,35,164,115,241,48,64,115,35,162,20,250,87,248,64,35,20,110,115,226,48,87,64,20,35,115,197,230,157,57,115,64,35,20,242,31,57,255,115,64,232,60,35,220,165,31,19,60,220,35,27,232,194,31,60,21,164,115,220,35,232,64,115,60,199,230,35,66,197,158,19,62,240,181,214,206,190,90,21,115,199,66,41,181,43,240,115,35,64,60,20,255,61,71,57,35,115,64,20,110,88,255,115,31,240,6,229,28,41,181,164,6,41,214,62,19,115,232,190,181,41,6,115,197,90,206,6,224,41,181,115,240,31,206,115,6,61,60,240,31,181,90,115,35,57,64,110,20,242,119,28,31,115,6,35,60,90,240,19,115,190,60,232,220,189,27,189,19,115,21,232,206,9,142,115,21,189,164,60,229,35,142,115,88,189,142,197,181,90,66,88,189,115,155,35,142,71,3,189,90,224,181,142,240,102,213,62,180,128,189,19,232,185,224,21,190,6,19,90,41,189,126,115,189,213,3,73,71,35,142,155,180,128,189,115,90,35,41,224,181,189,196,6,66,180,199,180,62,128,214,185,189,173,90,115,35,64,255,87,61,149,71,64,35,20,119,115,110,172,255,35,64,20,197,230,110,115,226,242,35,211,76,255,26,28,64,229,232,115,35,31,213,220,189,35,115,64,229,126,187,242,137,35,229,232,31,115,220,242,64,232,220,19,62,34,31,187,126,232,220,21,187,115,60,35,27
18 74 201,100,31,172,174,24,111,60,100,201,174,94,44,172,3,141,254,123,174,199,217,3,94,201,217,199,172,174,155,201,254,13,126,192,13,199,2,217,43,34,217,174,94,199,192,13,32,201,55,219,13,199,192,209,30,52,209,116,13,192,250,150,231,219,192,13,251,30,126,134,6,2,30,251,126,72,13,2,177,34,126,30,19,43,72,204,13,97,192,197,30,204,13,43,2,126,197,43,57,30,19,134,163,2,150,231,209,192,26,165,70,36,231,150,70,36,26,107,104,178,197,43,204,134,163,20,13,30,197,20,192,204,220,205,70,30,213,134,43,203,2,197,13,254,197,134,43,213,192,2,126,30,201,100,31,172,174,24,111,60,100,201,174,94,44,172,3,141,254,123,174,199,217,3,94,201,217,199,172,174,155,201,254,13,126,192,13,199,2,217,43,34,209,13,192,52,2,125,199,36,219,209,116,149,107,13,199,235,116,219,209,13,17,192,94,52,192,231,13,235,217,106,219,94,192,13,116,219,17,52,2,250,192,13,112,126,128,2,57,251,116,219,231,13,108,192,107,112,192,13,52,126,226,220,112,205,13,251,126,72,30,2,177,192,126,43,19,72,30,13,204,97,192,197,30,126,57,2,13,43,126,112,192,13,57,128,163,179,192,126,251,69,13,112,2,226,192,205,13,231,126,226,251,17,192,13,231,248,36,191,235,17,219,116,231,13,248,209,149,36,116,35,94,209,149,231,135,248,192,135,69,13,35,94,149,29,149,35,219,231,248,47,70,29,250,35,149,219,29,13,248,218,192,57,13,126,205,197,148,226,192,13,148,205,128,126,226,2,231,72,205,248,149,13,235,10,72,149,231,116,107,235,26,209,149,188,231,11,248,107,26,29,149,231,107,248,47,66,237,188,57,205,248,26,231,149,13,142,192,13,57,128,112,2,205,226,248,205,149,231,13,26,192,107,116,231,47,149,235,48,13,27,27,47,116,231,53,250,73,1,231,13,116,191,47,192,27,250,231,69,48,63,248,149,47,135,231,162,6,13,149,47,189,63,149,231,248,47,67,218,48,73,231,235,47,48,149,248,66,67,149,231,47,67,248,48,27,250,47,73,162,231,149,53,142,67,231,162,47,235,6,41,237,149,231,149,248,47,218,48,73,235,235,231,47,72,41,162,67,48,13,192,57,126,197,205,50,20,192,112,13,57,126,163,0,128,13,69,112,192,126,135,251,177,13,192,191,86,106,0,205,127,17,192,13,231,106,235,165,222,192,17,13,250,165,2,130,106,17,13,192,6,106,235,27,191,17,235,40,36,219,149,106,231,17,116,40,115,36,250,142,235
19 74 41,153,90,148,246,142,204,139,41,204,44,142,221,207,238,158,173,154,238,44,41,194,221,195,173,41,35,238,36,154,221,26,173,41,35,36,26,221,75,30,173,41,35,238,237,154,221,204,35,237,173,247,162,48,114,36,48,35,14,162,60,247,67,36,35,36,30,75,14,162,173,228,54,35,96,226,36,30,42,162,96,54,162,26,36,75,35,42,162,215,36,26,195,20,75,130,36,20,96,42,162,215,26,116,58,248,5,4,48,43,162,60,58,5,198,248,129,43,8,179,215,167,20,109,36,116,243,26,4,167,215,20,109,252,162,26,121,36,195,167,231,20,56,116,36,116,20,121,109,167,215,195,41,153,90,148,246,142,204,139,41,204,44,142,221,207,238,158,173,154,238,44,41,194,221,195,173,41,35,238,36,154,221,26,173,41,35,36,26,221,75,30,35,99,55,162,198,64,247,239,48,247,35,126,60,162,69,114,247,48,94,35,14,162,239,197,35,8,14,162,69,247,48,197,48,35,14,162,75,197,247,4,35,36,75,30,162,26,173,4,48,35,249,14,198,247,162,251,249,35,14,162,252,36,75,26,35,226,54,30,36,96,42,173,96,162,54,36,26,75,35,42,162,36,215,228,26,195,96,42,36,162,12,30,120,35,96,228,162,228,35,30,51,36,42,96,35,4,162,51,216,25,36,170,35,99,55,118,162,37,244,247,247,48,251,37,35,55,162,210,48,162,82,247,35,230,37,80,60,230,162,35,80,82,251,210,248,198,251,210,247,126,80,162,248,60,198,35,210,27,251,162,162,4,26,130,36,75,35,160,162,35,36,4,12,51,120,10,4,198,210,35,8,126,207,43,207,126,198,48,35,247,162,210,60,43,198,248,126,251,91,35,248,60,198,43,126,210,251,114,198,162,210,43,4,126,146,62,162,12,36,75,35,26,120,160,198,210,4,43,162,251,146,35,48,247,35,210,47,198,162,251,67,251,35,48,60,247,162,179,67,48,33,162,179,35,247,132,198,210,60,33,179,162,82,70,34,181,198,162,43,35,179,251,198,210,34,251,136,179,141,242,198,179,210,34,247,248,18,216,60,198,126,210,34,185,18,67,162,34,198,181,210,179,251,160,34,132,151,198,18,179,162,210,198,210,179,33,18,82,185,67,132,34,18,198,179,210,8,162,162,36,75,26,4,130,252,20,162,36,26,228,30,23,12,75,228,162,36,96,42,30,75,35,162,36,160,20,35,154,132,14,247,14,13,132,35,237,8,197,14,197,35,228,162,247,42,36,35,197,14,132,162,13,51,40,247,132,177,126,170,13,118,197,48,197,247,14,60,168,170,67
20 74 127,17,11,235,18,217,93,162,17,127,175,217,223,18,11,8,92,173,197,175,127,223,139,243,217,127,116,139,237,18,191,17,159,191,107,56,224,176,139,116,11,175,139,237,223,127,217,17,163,39,255,9,136,172,189,72,163,56,172,39,46,215,191,255,56,107,194,191,72,68,163,112,224,191,194,157,110,3,72,141,110,191,3,185,56,194,115,19,56,191,115,107,186,110,239,163,191,56,110,115,175,239,186,116,46,163,56,39,255,248,189,229,46,163,248,39,255,215,56,66,56,115,239,116,186,191,180,175,56,239,186,115,163,52,35,116,224,173,8,141,175,99,191,56,175,239,191,56,116,107,99,224,127,17,11,235,18,217,93,162,17,127,175,217,223,18,11,8,92,173,197,175,127,223,139,243,217,127,116,139,237,18,191,17,159,191,107,56,224,176,139,116,131,229,250,101,230,255,39,67,215,229,47,250,235,170,82,172,47,215,229,172,116,250,56,235,215,229,56,250,183,82,199,43,56,107,191,229,215,115,121,250,33,107,191,56,72,115,80,199,215,170,56,43,229,5,82,66,56,191,107,115,112,150,125,72,191,224,157,80,141,194,61,72,191,110,185,3,56,194,107,115,191,56,107,115,186,223,110,150,191,33,234,110,80,56,237,224,159,191,107,56,110,80,3,103,107,215,170,43,103,56,17,229,170,215,17,229,47,131,43,183,170,47,215,17,229,43,131,250,170,17,56,215,66,43,55,172,170,159,17,107,66,55,56,229,170,215,17,68,0,5,229,55,170,66,121,17,55,56,5,208,107,56,191,33,170,115,55,52,107,191,170,56,103,229,215,43,170,157,215,17,43,107,66,229,215,170,9,229,56,5,131,249,170,215,229,9,5,131,43,66,170,215,229,9,17,242,5,101,170,215,107,229,33,9,56,101,191,33,107,56,115,52,83,220,170,215,229,43,5,17,66,0,236,17,66,215,43,170,107,82,17,66,170,43,159,236,215,107,17,170,66,236,43,107,56,121,170,236,163,107,159,66,43,215,43,170,236,66,215,107,163,112,170,17,236,215,131,43,0,229,17,170,236,68,215,163,43,66,170,236,215,131,121,43,0,221,236,43,170,107,221,66,184,85,68,236,17,170,112,183,215,43,236,170,17,163,66,183,221,215,17,68,236,91,170,66,82,43,191,107,56,33,115,52,83,203,191,33,110,80,56,107,185,83,191,103,110,80,3,185,107,56,43,170,17,215,191,136,82,115,43,66,228,82,170,215,9,163,191,68,107,228,19,159,82,56,170,112,9,43,228,215,250,114,228,215,114,250,9,106,229,170,250,228,215,121,229,106,114,5
21 74 184,72,127,246,210,122,201,228,72,246,184,232,210,155,127,58,18,200,45,184,210,232,53,122,95,209,210,112,194,232,63,213,95,156,47,44,67,194,198,45,184,95,155,248,194,209,122,112,95,242,45,43,134,196,238,52,95,242,196,32,134,52,86,0,95,206,47,44,197,19,86,198,95,160,47,44,107,198,73,255,95,44,47,107,160,197,73,58,47,203,95,29,44,2,160,197,2,47,95,44,203,197,164,29,242,196,134,52,10,86,214,95,242,196,52,134,10,133,128,95,203,2,197,47,169,191,118,95,203,196,197,242,2,13,43,118,18,170,2,197,95,200,255,243,203,2,95,116,191,47,44,197,184,72,127,246,210,122,201,228,72,246,184,232,210,155,127,58,18,200,45,184,210,232,53,122,95,209,210,112,194,232,63,213,95,156,47,44,67,194,198,45,95,46,219,80,196,134,133,152,95,196,52,80,32,22,201,134,95,32,196,134,52,80,0,194,196,95,194,52,80,136,201,0,95,196,44,0,194,134,8,212,95,132,44,47,197,194,0,198,52,95,196,44,80,134,32,86,95,44,206,194,0,197,19,196,95,160,47,198,44,73,107,255,95,44,47,107,160,73,197,59,95,47,44,29,203,160,2,164,95,44,47,156,240,197,126,132,95,47,44,156,197,198,102,0,217,196,95,52,80,44,0,197,134,95,196,111,80,52,16,65,111,134,95,196,80,52,16,32,111,134,95,32,80,44,52,251,134,111,96,95,80,44,196,52,52,10,111,196,80,134,219,244,10,95,111,44,134,52,64,219,39,95,44,29,197,132,126,94,217,95,44,126,132,196,80,197,52,196,80,95,244,240,139,10,52,80,95,196,10,139,32,74,52,96,10,95,80,196,147,111,52,10,80,111,196,74,147,21,52,39,80,10,44,95,126,196,44,132,95,126,47,197,131,115,52,111,196,10,80,217,147,134,52,196,32,242,10,111,95,134,111,52,62,32,95,153,105,159,111,52,62,95,44,242,159,61,111,44,52,242,10,96,196,95,52,111,178,105,19,196,10,44,52,111,10,105,196,42,134,80,52,111,196,139,44,242,95,10,52,10,111,196,74,219,44,144,44,111,105,96,52,95,16,10,52,19,139,111,196,144,44,95,111,52,242,10,196,105,139,244,52,139,44,111,144,95,244,196,44,39,29,95,197,94,126,6,47,44,132,95,198,29,197,94,44,47,95,73,197,156,198,240,52,212,111,197,213,196,8,95,52,65,34,196,0,44,42,95,0,5,44,95,197,34,87,65,65,0,34,52,206,80,196,212,196,52,34,80,65,0,134,22,32,196,65,52,134,0,34,80
22 74 120,175,192,82,90,50,11,136,120,175,100,50,82,192,231,90,227,176,243,203,231,76,136,65,238,243,203,25,175,176,227,6,124,243,0,247,65,217,95,9,133,231,191,206,136,182,76,167,109,122,194,239,43,146,67,133,122,239,137,146,194,242,40,213,122,163,234,124,133,137,187,213,187,124,98,251,253,111,12,110,98,124,187,251,122,242,110,234,198,169,122,80,234,98,124,187,198,80,65,36,243,70,169,124,239,160,194,7,15,153,168,210,15,160,7,239,153,140,207,213,125,243,65,176,198,35,88,39,62,196,88,39,239,157,243,236,185,243,125,65,35,247,176,48,65,243,198,125,36,176,35,234,120,175,192,82,90,50,11,136,120,175,100,50,82,192,231,90,227,176,243,203,231,76,136,65,238,243,203,25,175,176,227,6,124,243,0,247,65,217,95,9,109,122,194,239,124,211,201,20,109,239,49,146,122,137,140,30,239,122,137,146,49,194,8,102,239,160,122,78,63,49,15,174,122,137,239,194,146,124,8,40,122,234,124,198,239,137,247,63,239,122,146,19,174,246,119,40,122,137,163,239,124,234,40,19,187,124,98,253,12,111,10,251,98,124,187,251,122,242,110,253,198,124,169,122,234,98,187,247,161,124,198,234,187,255,247,210,161,124,0,234,9,122,3,111,239,62,63,122,124,182,161,8,109,239,116,122,66,97,228,124,239,109,116,146,66,122,223,15,66,19,239,122,179,116,137,146,122,66,239,0,9,124,81,207,239,109,15,122,146,66,30,57,122,239,66,57,146,124,216,40,198,122,124,234,63,130,40,185,161,63,62,124,239,122,253,167,239,220,122,228,63,26,19,174,239,146,19,242,181,122,220,26,239,122,0,174,140,246,15,30,239,26,17,233,122,117,15,237,26,239,122,220,198,216,19,1,124,63,122,198,248,130,167,70,239,26,174,122,160,15,161,63,122,239,146,174,15,40,77,194,179,239,122,66,164,8,116,137,122,179,19,137,66,239,116,8,122,239,0,66,9,81,63,40,239,122,163,246,159,31,40,253,239,246,160,66,57,81,116,122,239,181,154,197,122,233,66,7,239,246,30,122,140,216,146,12,122,246,239,31,154,124,253,159,239,124,163,181,197,253,122,7,239,66,160,181,205,15,116,81,154,239,181,12,197,124,146,122,124,198,130,122,234,63,185,8,124,198,70,234,187,130,113,253,161,124,253,9,0,111,187,234,239,160,63,119,8,176,68,124,239,124,122,40,17,246,159,241,122,124,63,40,3,234,9,210,239,163,122,124,210,40,241,246,239,109,210,122,146,59,194,40,122,239,210,146,137,194,127,20
23 74 180,41,24,104,152,187,132,246,180,41,87,132,213,96,152,92,92,16,193,143,78,183,138,249,88,204,126,228,163,226,219,188,204,3,153,150,160,107,61,14,183,51,126,112,155,193,162,102,6,135,100,87,37,204,157,56,6,220,222,111,14,37,204,107,3,18,111,142,176,107,174,116,156,225,199,3,169,11,142,40,199,169,54,158,175,3,201,75,106,189,3,111,128,75,206,108,75,108,206,128,160,143,189,88,80,111,6,239,8,100,2,26,80,8,6,100,239,111,184,137,106,128,206,9,111,72,42,160,111,42,106,2,6,128,107,26,150,160,16,206,128,239,143,89,108,206,160,128,88,75,138,9,180,41,24,104,152,187,132,246,180,41,87,132,213,96,152,92,92,16,193,143,78,183,138,249,88,204,126,228,163,226,219,188,204,3,153,150,160,107,61,14,135,14,56,6,204,87,146,35,222,6,37,157,8,187,220,90,6,222,56,220,37,187,14,157,80,6,112,157,187,204,111,14,174,56,14,111,157,107,204,220,20,36,3,111,204,14,107,162,37,136,6,238,14,157,204,201,136,111,174,204,3,107,142,18,156,142,3,225,199,54,169,143,199,169,54,158,175,3,75,201,189,3,75,128,206,160,106,111,36,49,27,128,3,206,62,189,3,153,238,133,66,111,145,15,27,111,162,66,6,238,155,233,135,157,6,37,205,56,238,231,6,157,37,204,146,135,231,242,197,174,157,37,6,220,10,222,15,153,145,114,10,111,6,14,6,8,231,218,190,194,67,37,201,220,59,8,231,218,222,194,111,20,62,133,174,145,3,36,238,111,27,155,204,137,133,247,247,6,156,111,158,238,202,27,6,158,218,8,37,59,68,131,6,116,8,15,114,2,190,67,6,209,146,151,8,116,67,35,6,158,111,16,116,8,251,236,136,36,3,111,204,20,62,145,6,80,238,8,111,194,67,205,6,37,157,146,8,238,227,155,242,222,157,220,6,227,137,231,220,222,157,242,85,111,231,158,111,145,15,116,114,194,59,153,109,142,18,6,207,17,156,95,80,6,145,17,64,8,67,242,6,37,131,67,10,8,17,207,6,222,8,201,220,218,59,190,201,109,17,220,116,15,114,95,142,6,131,18,151,156,190,207,80,6,242,10,67,145,8,227,201,131,218,6,190,10,151,211,136,111,145,62,20,3,194,161,20,136,3,36,62,161,133,206,3,238,153,49,130,15,205,191,80,157,9,204,111,205,6,128,231,109,209,56,238,194,111,6,85,220,238,231,3,111,56,222,18,56,142,155,66,238,109,110,56,6,37,231,110,157,135,8,56,6,37,201,157,174,17,110
24 74 53,216,124,62,167,247,4,24,53,216,124,167,4,24,58,100,235,221,24,23,0,53,127,126,221,199,235,0,52,100,254,127,221,1,39,239,167,100,58,145,216,58,68,213,167,221,235,100,221,1,170,152,139,135,101,104,1,50,152,139,39,135,221,170,1,39,221,68,208,239,65,100,1,39,60,221,219,239,33,101,33,1,39,60,221,55,249,208,221,39,74,1,60,220,117,26,221,60,68,1,74,209,105,93,152,135,139,48,170,50,3,16,152,135,48,139,104,16,170,172,220,221,151,93,60,54,209,252,220,152,139,3,60,199,22,135,145,60,221,0,16,193,93,85,221,100,102,68,93,209,60,220,53,216,124,62,167,247,4,24,53,216,124,167,4,24,58,100,235,221,24,23,0,53,127,126,221,199,235,0,52,100,254,127,221,1,39,239,167,100,58,145,1,101,221,47,152,135,231,204,104,50,1,175,100,139,6,55,175,50,139,1,104,158,210,6,139,1,175,52,104,221,172,6,1,50,221,39,139,11,210,55,1,221,39,63,208,68,26,160,115,50,1,242,231,139,210,175,1,242,39,115,221,102,160,67,1,39,219,221,60,101,194,55,1,33,60,39,221,55,157,249,221,1,74,39,60,26,63,220,1,39,221,44,191,74,60,63,39,221,1,212,191,208,142,70,221,139,1,231,39,172,208,138,47,1,101,139,231,126,221,172,50,47,139,231,80,1,61,172,50,1,80,139,45,219,34,11,80,1,139,219,172,78,20,84,231,61,166,55,80,139,210,175,80,1,11,231,61,135,139,205,160,1,63,221,74,39,26,103,221,1,139,39,115,231,20,172,147,231,61,172,1,204,129,139,172,231,11,50,1,204,20,55,172,139,80,204,231,129,50,1,203,129,172,175,50,139,173,204,160,32,63,26,1,129,172,56,242,1,221,39,63,115,74,160,61,172,80,139,129,231,152,204,61,50,172,64,1,166,55,157,61,50,210,55,80,1,166,155,50,1,61,80,11,221,20,71,80,20,61,55,1,205,115,172,61,67,172,12,80,20,1,46,12,61,80,172,82,186,64,129,61,166,172,12,55,36,230,129,55,12,61,11,20,172,129,128,12,1,205,20,186,160,7,11,61,67,172,230,1,64,36,27,61,80,172,64,135,36,179,82,55,230,61,11,20,12,233,57,242,74,63,160,26,1,115,39,242,39,74,1,63,26,160,44,39,1,225,221,138,153,22,194,192,221,36,61,39,172,231,254,166,1,221,210,61,36,172,39,1,210,221,39,157,115,50,134,139,221,1,231,67,175,82,200,139,172,175,55,166,50,210,200,50,139,1,55,172,210,97,11
25 74 167,221,52,78,135,26,121,64,167,52,236,132,221,231,242,78,149,251,202,89,78,44,141,135,20,132,135,236,202,78,234,146,20,132,202,66,47,89,130,180,132,78,227,57,167,64,139,243,246,62,47,39,230,88,203,155,47,101,0,130,249,246,62,137,47,224,130,66,175,190,78,67,47,175,66,42,224,151,89,130,47,175,94,130,42,108,37,66,47,182,84,134,175,157,147,70,182,84,47,130,89,134,70,202,70,246,249,62,242,112,39,88,211,249,246,62,23,70,242,39,182,134,112,220,32,211,108,157,211,112,70,249,246,224,220,108,89,182,243,185,202,84,134,44,234,78,182,89,84,202,70,220,167,221,52,78,135,26,121,64,167,52,236,132,221,231,242,78,149,251,202,89,78,44,141,135,20,132,135,236,202,78,234,146,20,132,202,66,47,89,130,180,47,155,128,203,247,213,132,193,128,139,0,101,47,203,209,167,128,101,47,0,203,126,130,191,128,47,110,5,191,167,241,139,47,130,101,224,203,137,128,0,47,33,130,224,190,182,43,167,47,128,0,203,137,130,184,191,47,130,224,203,202,28,190,137,47,175,66,42,224,127,130,125,47,175,130,94,42,108,89,101,47,182,84,147,130,175,134,157,47,33,130,61,182,20,142,104,47,224,168,130,21,142,155,175,47,128,168,224,110,184,39,130,47,128,168,110,132,191,130,137,128,47,0,191,110,187,132,53,47,0,101,128,187,191,137,224,47,128,224,187,191,166,137,130,128,53,47,0,184,80,187,27,47,101,53,187,224,137,27,128,47,130,61,43,147,224,87,21,47,224,61,128,130,110,33,184,128,47,184,53,39,168,249,213,128,47,53,27,184,0,39,249,53,47,128,38,155,249,224,27,53,128,47,213,27,54,211,229,47,43,128,53,130,27,224,211,61,47,130,104,33,224,87,43,128,53,110,184,47,213,191,238,47,110,0,128,184,137,207,155,101,47,110,184,155,0,224,27,101,47,137,110,100,0,224,241,47,224,100,108,137,155,249,79,47,128,110,200,224,27,184,207,128,184,47,53,110,1,191,207,128,47,1,0,42,224,207,53,101,47,128,1,53,42,224,207,47,224,1,101,130,237,140,184,128,47,1,110,224,106,198,184,187,110,128,184,207,191,79,53,47,1,224,42,128,101,192,207,47,61,130,43,147,224,87,108,47,61,130,43,33,104,224,147,47,224,142,168,175,130,127,66,128,110,39,130,47,164,184,27,47,155,110,230,168,191,39,128,47,101,230,168,224,155,74,154,110,47,168,128,184,191,68,200,128,47,0,191,203,137,155,110,128,47,101,0,137,124,191,126
26 74 81,217,57,150,244,136,181,230,217,81,57,181,136,244,211,150,12,71,88,230,103,191,229,193,71,193,229,88,12,189,4,166,137,64,167,12,193,160,106,54,12,229,193,71,142,211,209,140,12,160,152,79,252,114,192,119,252,160,17,192,12,52,137,78,137,160,167,12,52,106,159,54,160,22,54,159,106,137,167,64,160,137,143,105,22,54,64,218,137,160,52,105,32,225,64,125,137,103,105,160,32,209,159,166,252,123,192,119,229,15,86,114,252,15,192,152,76,136,41,229,137,105,51,52,10,103,32,86,86,252,137,52,15,192,152,125,103,28,137,189,88,46,105,229,137,12,103,229,32,105,150,189,81,217,57,150,244,136,181,230,217,81,57,181,136,244,211,150,12,71,88,230,103,191,229,193,71,193,229,88,12,189,4,166,137,64,167,12,193,160,106,54,160,144,57,64,252,13,78,229,144,252,71,17,152,160,141,229,17,252,78,160,138,152,192,141,152,192,252,87,160,229,193,138,160,137,64,52,138,167,105,106,137,160,147,64,167,52,106,229,171,160,252,192,41,152,82,137,160,137,171,106,167,229,64,52,160,106,159,64,22,137,54,38,160,137,143,64,105,22,54,159,137,160,52,105,32,64,124,159,160,137,147,54,148,64,167,215,160,52,137,54,106,167,64,236,160,180,152,52,167,138,192,141,144,160,138,141,238,111,36,57,141,252,111,160,192,144,138,77,160,111,141,252,36,138,67,15,160,252,67,111,141,77,83,192,141,160,192,252,87,76,15,111,160,77,111,252,6,67,15,141,160,137,52,20,124,167,171,64,160,52,138,137,180,252,82,64,160,152,192,82,252,76,72,141,252,192,160,152,82,227,78,80,192,252,15,160,23,172,221,82,192,15,252,160,23,78,76,141,160,52,137,20,171,192,252,124,160,50,137,147,20,52,171,167,252,192,82,76,78,23,80,141,160,152,141,171,192,82,80,17,160,36,111,138,182,152,80,192,160,203,171,138,111,52,137,36,160,52,137,180,111,192,171,138,160,38,192,80,141,36,152,82,141,80,152,192,221,23,82,199,152,192,160,1,82,141,221,80,160,192,6,152,15,80,1,141,160,137,52,81,218,6,36,224,160,152,38,192,82,80,1,31,192,111,152,141,15,1,80,250,160,152,6,1,171,192,80,224,160,50,137,171,20,124,52,51,160,50,137,147,20,124,148,145,160,106,137,167,54,50,29,231,160,138,192,252,167,36,105,155,160,60,27,168,138,152,170,52,160,52,137,60,168,138,171,224,27,138,168,160,152,170,80,83,168,152,138,78,192,160,87,251,168,138,160,27,152,78,17,192
27 74 247,191,225,124,45,93,69,53,247,191,225,218,83,82,108,117,137,124,185,244,255,61,228,225,108,255,85,124,137,185,178,61,85,108,255,242,204,248,92,233,225,85,108,183,132,254,83,124,85,18,230,225,211,201,182,100,230,85,151,18,112,233,127,100,85,103,230,54,250,218,100,148,51,85,250,54,218,133,103,204,85,51,54,250,111,228,133,204,87,85,165,230,174,177,83,181,165,87,229,185,174,162,242,172,151,230,166,211,177,122,239,138,151,230,211,239,201,138,7,105,165,87,172,162,58,181,85,230,151,230,87,172,165,162,181,166,185,229,165,242,204,87,58,46,229,183,87,165,185,174,242,153,247,191,225,124,45,93,69,53,247,191,225,218,83,82,108,117,137,124,185,244,255,61,228,225,108,255,85,124,137,185,178,61,85,108,255,242,204,248,92,233,18,85,188,112,100,230,218,158,18,85,178,230,112,12,127,4,178,230,100,112,18,85,127,12,230,85,178,186,127,216,7,225,85,100,230,233,12,218,210,135,85,218,230,181,100,233,254,242,230,216,186,85,18,112,33,151,85,218,230,103,131,177,204,54,51,85,250,54,218,103,204,133,85,51,54,250,111,177,204,133,87,177,85,165,174,250,54,181,218,85,204,250,54,37,185,242,85,218,248,233,37,250,54,128,233,230,85,218,186,110,216,9,18,85,230,178,112,233,100,151,18,178,5,151,236,230,186,112,5,151,236,33,12,230,94,85,5,151,248,233,230,85,94,236,151,5,186,127,18,7,230,194,5,85,94,151,194,8,160,186,65,23,85,233,181,218,168,87,218,233,85,230,216,186,60,254,186,85,17,218,216,116,33,230,186,216,252,7,33,151,28,222,186,7,146,212,252,151,216,248,7,151,79,212,186,5,211,230,65,8,230,29,23,131,211,33,189,218,233,85,230,185,220,204,186,216,5,233,230,7,8,212,18,186,233,216,112,85,151,230,18,233,5,186,112,60,220,109,233,33,220,85,5,222,151,56,233,85,5,218,248,94,131,56,186,85,103,216,120,241,60,209,186,216,7,5,38,32,75,94,79,186,18,218,216,220,7,252,186,216,112,18,252,7,218,220,171,60,146,109,186,85,216,5,17,103,186,218,241,252,216,7,5,186,252,75,236,222,17,94,17,28,112,252,186,218,222,79,65,233,85,168,204,58,218,23,189,183,250,85,218,54,37,217,218,85,248,250,54,204,168,133,230,177,85,60,186,86,216,62,135,18,233,186,44,216,85,110,135,85,233,210,218,100,110,54,100,85,233,230,245,135,186,241,18,100,230,210,245,59,135,7,100,245,210,230,135,18,112,12
28 74 107,158,182,126,166,57,93,89,158,107,88,93,166,218,18,89,229,93,60,75,18,238,227,92,229,130,18,75,107,10,218,28,130,152,166,252,229,28,51,170,18,130,14,166,229,218,248,92,130,56,59,14,53,222,10,51,130,59,222,234,51,246,148,233,130,170,152,232,51,166,252,233,130,232,152,252,201,10,178,170,130,246,252,51,170,152,232,210,130,229,233,170,51,28,222,66,229,163,130,233,210,16,236,218,222,169,128,223,74,204,31,24,222,169,128,226,74,241,140,24,229,233,150,61,98,43,80,51,222,128,169,204,43,31,229,5,163,229,92,205,28,238,35,75,163,229,28,205,35,130,150,75,107,158,182,126,166,57,93,89,158,107,88,93,166,218,18,89,229,93,60,75,18,238,227,92,229,130,18,75,107,10,218,28,130,152,166,252,229,28,51,170,130,10,56,59,105,53,129,125,59,130,105,234,10,53,56,246,59,130,234,105,246,56,148,53,74,130,241,246,59,148,248,220,130,59,170,51,166,53,152,248,130,156,170,51,166,152,252,229,130,59,222,51,241,53,121,234,130,170,232,152,51,252,220,28,130,232,152,252,201,10,178,170,130,246,252,51,170,152,232,28,130,28,229,170,252,233,35,51,130,170,152,156,229,252,28,46,130,170,230,152,51,252,46,229,130,222,51,95,241,121,0,229,10,105,130,59,222,56,129,246,59,105,130,129,234,246,222,56,130,129,116,234,222,59,51,105,130,230,54,222,116,51,169,246,130,169,56,222,53,241,97,128,130,193,222,116,51,246,169,190,130,170,51,96,156,152,229,252,130,222,229,227,212,51,121,95,130,201,71,222,241,121,51,128,130,241,128,71,121,105,246,125,130,230,241,71,97,128,45,178,130,128,169,135,241,97,125,45,130,227,246,156,212,26,241,3,130,156,229,170,212,152,51,23,130,128,26,241,222,147,121,3,130,59,56,105,53,222,234,241,130,56,59,222,116,240,234,241,130,116,121,51,59,220,241,188,130,116,230,51,222,180,220,218,130,78,222,241,149,232,51,211,74,211,130,241,116,78,222,149,130,56,241,138,105,222,53,232,130,241,190,105,56,220,230,219,130,220,194,116,230,51,23,41,130,241,78,222,232,177,122,149,129,222,241,116,250,74,179,130,130,241,222,105,177,232,30,190,130,170,152,218,236,51,23,210,130,156,152,252,178,170,113,168,130,152,170,230,235,252,51,80,74,130,229,222,108,23,20,11,130,56,138,51,222,121,108,20,130,190,51,170,152,80,108,82,130,149,51,224,108,54,222,200,248,130,56,59,53,132,234,108,130,224,248,59,234,56,108,200
29 74 112,106,171,42,249,25,96,125,106,96,171,25,86,125,112,42,248,167,183,111,91,72,246,208,64,248,25,126,18,35,241,86,64,25,248,20,35,48,242,241,26,64,248,112,35,25,242,246,64,31,224,19,232,35,126,240,64,9,60,115,28,35,31,241,64,155,200,35,20,115,242,230,64,162,155,230,126,35,177,200,64,162,20,164,115,88,100,35,64,250,20,60,87,124,121,248,248,87,64,22,0,20,121,124,240,60,31,150,224,28,204,100,240,150,224,204,31,60,161,11,87,0,60,124,5,22,250,71,60,240,5,31,204,250,224,87,22,15,46,87,241,208,64,248,248,22,87,64,0,241,211,176,112,106,171,42,249,25,96,125,106,96,171,25,86,125,112,42,248,167,183,111,91,72,246,208,64,248,25,126,18,35,241,86,64,25,248,20,35,48,242,241,126,4,64,170,224,171,165,19,9,64,126,35,170,165,37,60,9,64,60,220,19,170,35,28,150,64,232,165,31,35,242,28,64,115,165,35,242,19,60,21,110,64,115,242,165,20,35,200,164,64,119,115,242,35,31,19,64,155,242,200,119,35,115,137,64,162,155,230,200,126,201,20,64,162,20,164,115,88,100,37,64,20,250,248,87,124,76,165,64,110,157,20,115,230,17,37,64,20,115,242,236,142,200,230,115,64,31,189,236,92,240,137,126,115,64,171,189,170,31,165,115,9,60,126,19,189,32,64,115,164,60,64,214,9,199,66,115,236,64,66,31,28,189,73,19,189,131,190,224,115,62,3,115,64,88,131,66,21,19,221,64,20,115,172,35,182,186,165,115,189,64,31,11,12,198,240,115,31,189,6,240,224,64,12,115,164,6,90,214,189,41,31,49,115,6,41,190,224,90,173,49,78,115,225,224,6,88,99,115,37,225,64,165,39,116,49,110,115,57,64,20,242,68,186,115,110,189,6,60,31,90,240,19,115,189,60,90,232,31,37,115,19,189,117,237,142,37,60,115,164,214,189,60,229,62,117,115,49,64,88,71,21,189,39,115,155,189,64,213,31,173,90,150,189,185,90,26,99,117,6,185,62,31,115,189,224,4,90,185,19,115,224,64,189,90,21,115,49,213,64,173,189,73,221,155,115,180,128,189,232,31,240,150,66,189,117,224,232,41,90,185,62,115,180,37,64,189,3,115,119,64,20,186,37,213,116,110,119,115,64,20,172,186,160,20,64,230,115,236,218,100,110,26,150,242,189,64,28,165,31,115,64,242,213,19,137,78,187,64,115,242,20,187,99,137,21,115,64,242,236,137,155,34,31,232,220,4,19,115,31,37,6,19,220,115,64,88,165,9,187
30 74 31,174,160,32,75,88,47,217,31,174,75,94,32,160,141,172,199,39,160,217,254,161,174,3,13,199,18,155,126,174,108,180,13,192,126,199,134,203,234,176,13,192,55,199,155,180,94,39,13,55,209,219,192,150,143,231,116,192,13,63,231,99,250,35,13,6,251,177,192,135,134,2,72,13,251,203,84,234,177,134,19,44,13,192,50,251,134,99,44,134,13,197,179,43,192,104,134,43,161,163,213,37,201,44,231,35,150,180,26,149,197,107,231,150,149,180,107,36,11,166,197,163,134,205,13,15,43,179,231,197,150,205,149,26,35,179,134,126,43,15,197,163,201,203,134,213,43,163,197,161,89,203,31,174,160,32,75,88,47,217,31,174,75,94,32,160,141,172,199,39,160,217,254,161,174,3,13,199,18,155,126,174,108,180,13,192,126,199,134,203,234,176,209,13,18,143,192,219,52,206,116,18,209,219,143,13,52,229,116,13,192,143,219,52,17,51,52,13,17,231,192,122,107,94,13,192,116,250,17,63,50,162,192,112,13,128,106,2,17,251,192,13,116,231,52,99,108,112,13,6,177,192,251,2,191,134,72,13,203,84,251,177,97,135,19,44,13,97,192,50,134,251,134,197,179,13,43,44,192,19,192,159,203,135,177,13,234,71,192,13,69,251,112,137,17,2,192,13,106,94,231,17,159,205,18,141,13,219,209,94,192,143,141,116,219,18,209,13,143,192,116,192,13,90,17,109,94,231,69,231,192,94,13,149,248,1,149,219,231,143,209,130,248,35,162,63,250,13,192,149,50,116,192,148,13,94,187,104,105,181,94,13,159,148,192,231,106,17,94,72,231,235,13,41,248,47,231,149,90,72,1,116,248,94,149,231,73,248,162,69,1,107,149,162,231,248,99,151,104,210,94,148,192,104,181,38,113,128,112,192,128,181,13,106,155,94,192,112,231,159,47,13,104,248,192,116,13,231,209,143,57,66,116,192,13,86,47,231,48,73,192,13,116,106,250,114,57,232,192,162,69,13,231,50,57,232,6,231,48,47,13,235,94,149,47,231,235,72,248,67,48,41,231,66,108,47,48,143,235,72,116,231,248,143,149,48,46,67,192,99,47,38,230,162,13,231,235,231,6,41,48,248,237,47,231,47,109,248,48,149,72,122,235,231,99,41,67,47,72,129,192,148,24,60,105,13,14,230,112,192,128,60,187,135,234,137,69,192,13,112,135,177,223,234,55,192,88,13,191,47,105,111,192,130,219,55,13,17,27,2,250,192,63,17,13,99,2,115,6,17,13,192,106,2,191,165,17,209,130,143,219,141,40,2,116,17,192,2,191,40,50,151
31 74 204,153,87,221,194,237,24,99,19,36,173,167,94,35,121,109,36,154,121,173,162,167,75,194,162,36,35,75,41,238,55,154,35,162,41,75,51,36,195,125,35,237,162,41,195,75,154,36,35,247,67,83,162,198,172,60,35,162,30,14,99,198,146,247,35,162,30,132,42,96,14,125,35,54,162,96,30,42,221,99,35,162,96,42,183,30,54,173,162,20,35,205,4,75,224,109,36,162,121,75,20,246,148,116,94,198,248,5,58,159,176,92,198,5,159,129,248,58,138,94,4,20,205,109,116,167,162,252,198,5,58,109,205,159,248,43,121,36,167,201,20,26,116,164,116,36,75,121,20,154,167,166,204,153,87,221,194,237,24,99,19,36,173,167,94,35,121,109,36,154,121,173,162,167,75,194,162,36,35,75,41,238,55,154,35,162,41,75,51,36,195,125,239,99,35,55,162,83,60,136,35,55,37,162,47,247,239,15,35,37,239,162,94,47,247,14,35,162,14,8,204,198,160,67,35,162,30,14,247,36,146,47,35,162,12,30,51,120,228,42,35,249,14,162,198,132,135,8,35,162,30,132,14,42,77,75,35,54,162,96,30,42,99,132,35,162,96,42,54,183,30,135,162,20,35,205,75,4,183,96,35,162,30,96,12,228,72,243,35,162,51,30,195,214,79,42,35,162,8,234,132,79,198,216,55,35,99,37,47,162,24,7,37,247,35,55,196,47,198,7,35,196,37,239,162,47,247,146,35,162,51,198,60,43,80,210,198,248,35,60,239,162,210,247,35,162,198,43,210,34,179,80,35,162,130,12,96,30,150,234,35,162,72,151,252,234,209,79,35,198,162,207,70,132,8,216,198,35,239,126,162,18,218,210,60,198,43,35,126,28,210,18,60,35,198,43,28,126,18,210,35,12,130,162,97,72,120,78,35,162,12,51,234,160,72,184,35,146,162,198,210,213,216,225,35,247,37,198,162,99,179,55,35,67,162,7,247,78,153,84,35,162,199,108,234,228,146,24,35,162,60,43,51,198,234,179,35,162,198,179,132,13,43,65,198,35,132,67,45,179,13,242,247,35,198,99,219,162,37,179,198,35,60,162,18,157,160,99,35,162,150,72,24,234,255,242,35,132,18,198,179,216,162,8,67,198,179,196,18,126,24,35,35,99,18,216,162,132,8,72,162,35,150,130,148,79,255,246,162,35,12,214,96,30,255,183,35,162,30,96,51,42,66,77,237,35,162,154,150,234,153,87,247,35,162,14,8,237,13,160,35,162,42,51,14,114,247,243,35,132,162,14,51,8,13,197,247,35,67,170,83,8,132,55,35,14,47,132,162,60,247,197
32 74 205,117,35,172,27,95,180,111,95,27,53,112,38,35,119,2,252,112,53,2,250,35,95,150,58,71,248,252,68,66,27,19,146,68,195,178,27,19,252,150,224,27,178,150,68,252,66,206,101,85,14,144,27,176,167,51,109,176,144,85,123,143,179,27,175,37,17,117,176,27,50,65,37,175,116,174,117,66,178,27,123,109,117,179,112,140,85,27,98,112,134,49,178,117,160,205,160,112,250,53,38,95,49,41,64,176,33,227,167,190,246,101,64,33,176,167,49,246,227,82,112,134,186,192,90,252,77,176,176,64,186,96,254,167,98,134,112,2,53,95,90,160,150,119,112,119,2,252,90,53,160,134,205,117,35,172,27,95,180,111,95,27,53,112,38,35,119,2,252,112,53,2,250,35,95,150,58,71,248,252,68,66,27,19,146,68,195,178,27,19,252,150,109,14,92,78,242,101,27,144,248,58,92,176,144,66,14,78,248,92,26,78,176,27,144,101,176,33,248,27,117,66,252,78,85,86,176,27,179,101,117,144,238,178,113,176,117,158,66,205,176,144,120,26,27,117,76,179,175,37,17,27,117,50,65,176,37,175,116,174,117,66,178,75,109,123,117,112,179,68,140,27,98,112,117,134,49,205,178,160,116,192,178,237,185,117,106,75,146,195,178,117,66,68,86,211,96,186,75,116,176,66,117,42,58,248,66,92,176,229,78,28,248,78,28,26,92,176,22,117,22,80,78,176,144,27,57,123,146,176,195,117,66,194,86,27,85,14,176,109,117,66,92,16,85,179,140,12,176,86,76,117,113,99,178,238,117,254,205,237,96,116,186,117,42,66,176,27,116,42,176,66,117,197,171,27,109,92,117,176,22,66,48,120,109,86,120,66,176,117,87,195,75,120,57,176,87,28,179,117,117,99,113,150,238,205,154,245,178,238,113,66,117,158,227,63,116,178,42,18,66,75,117,176,176,26,14,78,117,92,66,22,12,14,162,22,176,117,101,146,123,18,48,117,66,80,27,22,146,18,176,86,117,179,195,27,176,17,117,157,116,66,194,199,176,224,197,117,66,24,105,46,176,14,157,120,66,26,197,117,120,176,12,146,117,76,28,109,146,211,117,86,66,176,27,179,176,17,157,37,171,24,232,117,176,33,80,243,16,171,188,224,176,144,171,117,78,179,232,105,117,99,113,231,49,183,208,105,238,113,192,117,178,158,49,68,146,195,178,68,117,194,237,66,224,178,206,117,197,27,176,66,14,85,206,117,66,178,176,50,85,76,123,117,18,66,27,179,89,17,66,117,194,199,176,212,28,14,101,176,26,85,117,157,120,109,12,117,101,176,179,28
33 74 144,241,90,127,9,67,32,98,32,127,144,9,241,39,90,0,127,0,32,9,241,164,144,92,127,176,9,255,0,241,39,137,127,75,37,97,49,6,241,7,127,201,179,156,241,40,99,245,185,127,245,12,246,179,84,102,127,139,102,56,68,245,250,49,127,23,117,214,94,142,40,72,152,206,59,127,18,247,240,182,234,127,132,95,247,240,104,59,127,227,39,53,115,77,86,113,127,43,164,0,17,77,140,39,192,3,245,195,108,74,91,169,192,3,195,169,75,21,77,245,127,238,183,129,115,43,39,86,3,238,93,183,195,190,169,86,127,92,164,52,72,43,219,83,127,92,43,93,32,210,235,83,144,241,90,127,9,67,32,98,32,127,144,9,241,39,90,0,127,0,32,9,241,164,144,92,127,176,9,255,0,241,39,137,127,75,37,97,49,6,241,7,42,127,199,245,48,176,69,242,176,127,195,250,235,124,181,252,127,133,195,250,245,176,235,181,192,127,142,245,241,39,67,1,127,234,56,68,102,245,203,47,73,127,41,49,245,39,241,195,234,133,127,142,56,250,102,49,127,23,117,214,142,178,94,241,152,206,127,18,59,247,240,182,234,127,132,95,247,240,59,104,127,39,126,113,86,140,77,213,127,182,49,86,244,232,116,253,75,37,127,97,49,189,6,94,49,11,127,182,253,142,58,29,176,127,199,49,42,250,17,195,42,250,176,133,49,68,54,199,234,49,167,68,189,127,203,250,189,97,37,94,181,49,75,212,68,84,195,53,139,10,137,212,56,139,181,49,127,203,36,104,190,127,41,49,232,113,104,209,49,11,182,127,58,253,151,238,206,182,18,59,142,127,10,195,181,234,102,250,68,107,49,224,250,36,97,37,48,229,49,108,5,161,36,132,250,162,38,104,190,49,127,41,195,113,98,232,73,127,49,41,241,113,232,88,11,49,59,127,18,253,206,241,250,49,139,84,212,235,185,53,49,56,212,203,246,142,181,235,234,49,253,95,107,203,142,127,181,189,37,97,49,6,75,235,23,214,28,212,94,117,11,142,63,156,18,212,142,206,199,28,68,103,181,54,212,250,142,133,56,250,139,181,235,212,49,88,97,75,36,49,37,71,113,127,161,23,117,142,214,94,10,5,192,63,42,195,142,48,154,212,139,142,250,68,167,102,132,235,190,127,49,113,41,137,213,108,73,49,41,127,232,113,108,137,37,97,127,217,75,94,49,16,179,201,127,156,246,40,241,16,68,5,103,127,201,179,124,212,56,95,11,127,139,68,49,54,214,23,68,94,49,29,127,142,68,54,84,245,103,124,5,133,181,56,203,250,245,235,47,162
34 74 63,85,231,202,105,40,92,234,63,85,26,231,92,105,202,219,231,85,92,26,186,113,63,132,51,63,234,204,80,15,182,6,51,63,255,204,212,234,9,130,51,204,63,49,217,141,213,199,94,18,249,47,204,73,48,140,51,48,94,44,195,238,47,240,182,58,51,12,206,107,187,54,206,241,183,51,152,11,102,222,183,51,44,240,72,222,238,206,84,51,1,108,137,245,228,26,63,92,85,113,26,133,186,168,16,47,45,137,140,34,222,70,16,47,140,70,235,209,24,192,85,26,1,207,96,186,51,180,207,180,96,82,1,101,47,140,186,63,26,92,85,105,1,86,85,26,105,92,1,86,113,132,63,85,231,202,105,40,92,234,63,85,26,231,92,105,202,219,231,85,92,26,186,113,63,132,51,63,234,204,80,15,182,6,51,63,255,204,212,234,9,130,249,143,18,80,73,30,47,209,80,143,249,48,47,15,226,192,143,249,80,47,48,107,15,122,47,16,177,122,51,114,123,40,195,51,48,44,107,238,143,5,51,97,161,47,34,107,202,108,48,195,44,240,47,238,51,166,182,58,51,107,12,251,187,54,206,241,183,152,51,11,251,107,183,51,44,240,72,222,238,206,84,51,108,1,96,228,26,142,51,9,205,252,63,45,108,202,51,255,212,187,61,108,63,202,205,51,47,180,101,202,196,108,80,47,249,143,15,166,122,223,47,249,80,143,48,107,222,160,175,48,240,47,5,202,8,194,212,187,255,47,54,202,70,222,143,18,11,249,202,73,47,70,195,44,238,73,240,222,143,72,51,88,161,97,62,228,192,130,205,180,101,196,47,51,9,202,47,152,196,205,202,234,51,153,240,175,109,48,72,202,64,166,212,255,109,238,90,222,44,28,109,227,238,44,62,202,222,28,88,62,51,161,97,34,228,108,51,97,161,34,192,199,203,62,95,101,175,202,51,205,196,9,143,47,249,48,18,195,128,109,195,48,18,143,109,170,141,11,48,175,240,95,56,202,222,252,212,255,44,238,222,202,52,90,12,58,47,187,54,202,70,235,152,47,54,70,202,213,192,250,177,182,18,47,11,227,109,152,195,222,44,72,73,47,240,175,255,212,238,44,222,51,108,28,47,58,153,187,177,249,54,12,47,16,152,59,50,248,23,140,48,240,44,72,47,222,177,195,51,88,161,97,62,192,108,228,51,97,161,62,34,252,9,192,51,212,255,187,188,202,54,19,51,49,217,202,141,107,213,230,227,18,11,94,141,202,173,48,72,94,195,51,202,173,44,240,182,47,187,173,61,51,107,19,47,143,18,103,48,166,202,248,48,143,195,47,61,173,141,44
35 74 225,203,102,213,66,170,174,96,43,102,225,203,42,174,72,97,203,225,102,42,72,174,84,18,43,106,95,174,225,97,180,243,43,136,22,49,97,225,203,102,224,225,203,84,174,156,213,112,117,4,201,6,229,226,185,131,148,97,190,247,6,191,185,80,7,10,80,71,3,35,102,159,7,29,35,10,3,229,159,92,191,35,29,209,152,148,97,190,203,102,209,57,40,107,152,217,174,43,72,84,18,42,203,241,247,161,4,201,113,40,236,184,161,40,4,201,247,255,155,113,57,42,72,161,145,160,174,238,161,57,4,153,201,145,160,247,43,72,42,84,57,22,86,157,72,42,18,112,86,84,57,203,225,203,102,213,66,170,174,96,43,102,225,203,42,174,72,97,203,225,102,42,72,174,84,18,43,106,95,174,225,97,180,243,43,136,22,49,97,225,203,102,44,217,176,230,247,219,113,32,217,176,121,247,44,77,117,180,176,217,180,77,97,121,247,136,217,247,255,97,201,136,71,180,217,97,148,190,185,247,80,102,217,247,6,201,22,255,203,97,217,97,185,148,190,247,201,71,7,10,71,80,217,3,104,212,7,29,10,92,3,35,229,115,191,35,29,209,152,148,97,185,203,217,102,0,33,195,152,209,22,132,218,225,66,40,135,86,49,203,217,8,40,106,115,136,217,132,153,201,247,6,95,40,217,176,95,201,146,131,247,121,217,176,247,136,201,121,1,100,217,94,5,85,1,2,96,201,217,247,49,201,1,136,40,44,117,217,191,201,247,65,236,114,217,190,148,97,247,187,225,201,203,65,217,97,201,17,1,0,153,217,225,201,247,71,255,65,217,210,247,255,201,71,131,100,217,94,2,85,201,5,44,255,217,49,201,44,230,247,190,249,217,148,230,190,201,236,247,74,217,46,33,65,203,97,225,66,225,217,203,22,66,102,213,141,153,217,2,5,85,225,95,201,217,201,185,40,210,247,6,255,185,201,40,247,217,210,12,100,94,85,5,2,96,191,201,12,190,49,148,136,96,201,40,203,217,201,40,247,126,6,71,184,217,201,247,40,6,146,65,173,217,201,247,40,117,255,126,184,217,210,201,247,185,136,190,148,217,190,40,97,148,225,78,201,217,71,247,255,201,189,7,40,201,217,247,40,62,255,1,6,117,255,191,247,201,71,189,190,225,241,47,245,189,71,97,221,22,218,66,189,128,245,40,173,49,225,196,35,217,3,10,66,224,217,225,214,6,10,12,247,214,217,6,201,126,110,115,244,191,185,136,180,78,115,217,76,217,159,115,201,62,71,146,6,217,247,117,180,115,201,40,152,217,185,247,184,8,201,81,136
36 74 159,45,186,201,73,106,212,56,45,56,73,201,186,161,212,159,45,73,20,141,186,212,201,56,73,21,45,138,17,59,235,186,73,234,45,235,35,186,28,0,73,255,24,18,235,35,186,28,37,79,44,73,116,35,114,139,73,116,227,39,104,79,176,142,245,203,73,0,116,198,235,104,251,245,203,176,231,145,198,187,39,203,245,19,142,231,235,227,165,69,25,235,63,226,122,116,45,20,75,212,165,186,73,27,116,104,110,98,114,34,58,69,116,104,25,98,58,110,69,114,120,104,83,98,70,181,116,191,98,104,181,116,70,120,139,114,45,75,14,201,83,120,221,20,75,20,201,14,222,69,83,221,159,45,186,201,73,106,212,56,45,56,73,201,186,161,212,159,45,73,20,141,186,212,201,56,73,21,45,138,17,59,235,186,73,234,45,235,35,186,28,0,79,114,138,235,17,44,228,121,228,17,138,59,79,21,37,112,17,228,73,138,112,21,59,116,116,114,73,112,210,235,40,32,227,39,125,73,116,114,104,235,116,181,104,114,235,73,210,248,114,227,37,73,142,112,116,39,245,73,198,0,203,40,116,214,245,251,203,198,145,187,231,176,39,203,245,19,142,23,73,235,165,7,235,199,105,226,171,217,120,14,73,165,203,248,45,3,234,235,73,127,136,0,116,32,114,116,73,104,98,235,127,25,21,17,228,79,114,235,116,40,17,37,114,21,79,32,244,116,114,246,116,67,32,142,127,112,114,234,104,116,0,127,112,32,79,114,37,44,116,104,58,48,114,227,142,147,165,79,199,19,207,199,165,171,114,101,224,225,114,98,235,73,127,104,25,116,251,114,116,210,40,244,127,104,114,142,246,79,195,67,25,116,114,147,227,234,116,155,130,58,147,114,227,55,112,105,39,32,207,105,112,219,165,151,76,7,199,181,112,224,230,151,66,64,67,116,114,195,251,104,129,117,114,44,79,116,37,112,105,104,125,79,116,114,37,244,44,127,195,67,142,152,246,248,112,202,227,234,114,39,112,226,116,159,114,253,116,105,0,210,104,8,114,116,105,210,251,239,123,104,114,116,48,112,44,16,31,160,114,79,142,47,116,112,122,147,19,75,165,224,47,191,234,199,57,114,40,116,55,105,253,112,114,116,155,104,105,127,204,110,142,79,47,226,114,16,116,112,207,165,159,105,224,226,5,93,181,165,120,248,224,112,7,5,234,0,203,116,127,235,169,92,255,24,203,114,116,104,129,127,48,210,116,114,129,84,24,104,125,26,127,142,235,226,36,143,235,253,127,114,32,105,210,25,44,48,116,210,114,127,32,37,235,44,116,125,32,114,37,210
37 74 245,72,109,13,165,145,219,138,72,211,245,219,109,200,138,165,72,39,165,182,138,104,109,219,110,72,244,165,214,145,109,156,165,145,55,72,220,109,219,121,165,50,219,14,57,55,147,105,196,162,87,55,126,225,228,9,27,87,165,78,55,105,16,169,84,164,95,105,87,220,55,113,248,55,97,48,28,14,149,227,55,248,3,152,166,169,27,175,165,55,182,152,125,242,160,194,72,24,39,116,206,69,71,63,87,55,165,210,228,9,139,7,87,165,55,8,247,140,210,221,72,182,165,190,87,31,65,180,87,104,31,190,58,182,247,93,72,23,138,206,88,190,65,233,23,39,138,182,104,88,72,190,245,72,109,13,165,145,219,138,72,211,245,219,109,200,138,165,72,39,165,182,138,104,109,219,110,72,244,165,214,145,109,156,165,145,55,72,220,109,219,121,196,110,214,139,55,109,0,9,214,110,156,244,55,139,243,137,110,214,137,109,55,105,244,160,139,214,87,102,105,137,145,55,105,55,113,27,78,36,16,61,145,139,87,55,84,105,143,67,55,105,78,27,87,113,109,165,84,164,105,95,220,55,113,87,248,48,55,28,97,14,90,81,55,248,3,152,169,166,109,165,165,55,72,65,182,152,76,194,55,145,165,190,48,143,67,175,55,145,109,220,165,84,144,152,87,55,84,145,93,165,109,175,244,214,110,109,156,196,87,92,110,214,9,137,109,130,159,210,135,9,43,55,161,60,165,16,55,9,84,139,87,165,221,220,196,55,162,9,165,113,109,160,55,3,169,166,109,78,152,165,55,145,165,250,125,3,19,175,55,165,93,145,87,84,109,9,55,165,87,93,109,221,139,102,55,43,60,160,135,161,109,196,55,193,15,78,139,196,27,235,55,27,78,3,38,109,169,54,55,145,165,207,3,175,85,25,145,165,55,250,175,25,38,207,43,165,60,87,55,135,105,147,162,87,196,109,55,225,146,165,126,162,159,196,87,112,225,145,135,43,161,60,67,55,109,113,55,27,78,166,109,113,169,250,84,87,55,164,165,221,92,102,55,87,50,90,225,17,221,9,162,87,109,55,139,102,17,59,55,109,3,169,160,113,54,43,3,55,61,169,73,165,109,127,84,102,164,87,92,55,220,149,9,87,159,210,235,139,146,102,55,165,109,3,102,169,61,16,55,95,165,125,250,54,86,179,145,55,48,165,143,175,163,125,55,165,145,48,220,38,95,28,50,105,55,165,71,159,57,213,55,14,162,57,87,105,147,159,55,126,145,152,3,166,113,109,145,84,164,4,55,159,105,87,139,55,247,87,162,102,109,105,105,4,55,196,3,162,139,113
38 74 209,120,249,0,103,151,109,144,209,120,193,151,232,249,0,144,209,27,151,249,125,148,2,224,120,177,209,195,141,156,24,18,209,120,173,125,0,241,95,22,209,146,120,79,173,254,86,113,209,132,52,167,113,114,173,157,209,173,215,157,125,132,169,145,209,136,97,4,22,157,173,86,20,209,97,254,124,173,86,79,209,173,88,169,251,215,254,191,209,173,125,252,117,61,159,35,120,209,144,108,249,193,42,151,103,167,157,173,209,191,206,233,103,173,167,157,191,233,115,209,209,103,120,151,159,42,196,17,209,151,103,27,148,167,92,157,209,120,249,103,151,104,231,210,209,151,249,27,104,120,193,248,209,120,249,0,103,151,109,144,209,120,193,151,232,249,0,144,209,27,151,249,125,148,2,224,120,177,209,195,141,156,24,18,209,120,173,125,0,241,95,22,209,132,43,52,114,226,66,15,55,209,141,197,50,24,204,18,209,156,141,24,197,242,87,18,149,156,209,141,157,242,18,179,209,173,88,215,157,242,254,125,209,157,173,114,254,4,244,22,209,215,157,173,88,25,115,231,209,136,4,97,173,22,157,86,20,209,97,124,254,86,79,84,209,173,88,169,251,123,215,104,209,173,25,125,191,143,233,176,209,173,30,101,120,254,9,123,209,173,157,95,22,125,131,241,209,157,114,4,173,125,244,123,43,236,141,209,195,204,24,177,63,156,209,25,149,87,242,18,209,201,30,234,163,173,88,157,209,157,173,25,226,22,39,114,209,132,173,25,157,52,254,226,209,173,25,42,176,17,117,87,209,173,71,176,123,254,18,140,209,173,157,25,4,114,244,123,209,157,173,124,25,244,114,4,209,173,157,25,88,201,234,163,209,215,157,25,173,114,226,251,209,173,251,215,25,157,196,169,209,173,25,123,35,254,99,61,209,173,254,140,123,145,35,25,209,163,201,124,157,254,173,114,209,157,52,163,226,88,114,244,209,157,74,244,79,173,84,39,209,30,201,9,234,163,88,173,209,173,123,215,87,157,176,169,157,209,136,173,22,25,4,252,157,209,146,4,63,25,86,173,209,157,25,173,254,114,4,131,209,173,157,123,62,254,25,180,209,173,145,123,42,62,157,17,157,209,136,4,244,173,22,131,157,146,103,209,226,14,4,244,209,173,157,123,42,62,158,129,209,173,71,157,123,176,62,42,209,173,30,157,123,254,9,101,209,173,97,79,22,254,157,4,209,146,79,157,4,254,86,97,209,185,157,79,97,160,254,4,209,173,42,87,17,80,123,254,209,157,4,22,241,136,25,173,185,209,157,242,254,173,52,103,209,173,87,157,242,254,241,119
39 74 162,108,63,140,115,222,159,10,108,162,221,236,159,98,148,186,110,154,38,207,12,108,69,159,142,37,127,108,66,209,107,22,108,23,241,146,16,154,98,107,108,177,85,13,62,34,181,10,99,44,66,77,108,220,97,154,239,158,188,44,154,178,18,108,16,23,146,188,78,61,145,182,55,240,78,29,62,52,188,181,239,231,158,154,98,179,188,39,2,162,154,97,159,227,169,206,162,238,98,42,107,190,174,148,120,146,101,113,223,141,228,48,120,42,146,101,255,192,140,136,162,238,174,73,10,206,228,192,162,154,146,190,38,110,217,243,238,10,222,73,228,114,162,103,110,217,38,12,69,222,205,243,162,108,63,140,115,222,159,10,108,162,221,236,159,98,148,186,110,154,38,207,12,108,69,159,142,37,127,108,66,209,107,22,108,23,241,146,16,154,98,107,99,66,251,108,5,77,44,154,83,209,101,137,66,22,168,108,251,66,209,83,142,5,168,22,251,209,136,61,66,154,146,22,239,44,158,154,78,188,178,61,146,248,61,145,113,16,199,220,239,44,158,154,188,61,197,18,16,188,23,146,182,78,36,145,55,240,78,29,62,188,52,181,239,154,158,231,98,179,178,129,2,154,97,162,38,164,228,159,75,248,154,9,250,1,246,92,23,16,241,146,61,145,98,108,61,9,146,145,220,241,16,199,66,209,5,168,112,108,97,7,66,251,50,209,218,136,95,5,246,1,248,250,239,215,92,89,16,145,61,146,23,220,62,160,99,77,44,224,114,210,154,220,239,98,154,158,162,44,18,140,69,139,178,154,253,18,159,148,9,61,145,146,220,16,182,14,61,14,220,13,182,114,62,97,246,248,1,215,239,250,92,97,158,224,72,36,97,239,61,220,158,98,239,139,224,18,97,100,97,139,134,10,98,225,208,100,241,248,9,23,68,98,159,18,215,138,9,62,61,1,246,92,44,99,77,61,154,62,251,215,44,77,99,154,62,242,61,17,246,1,250,248,92,215,239,154,239,158,231,98,154,18,127,95,16,61,145,23,253,254,182,18,85,61,13,36,177,62,181,220,77,61,220,97,197,168,182,27,98,239,235,44,154,18,198,138,239,18,98,231,90,103,24,253,146,16,23,61,182,14,145,224,85,61,97,182,13,168,177,134,239,98,18,172,235,154,253,231,69,139,253,18,162,97,159,178,248,241,9,1,92,250,246,154,23,16,78,145,62,98,61,181,177,62,13,85,181,61,78,242,62,181,77,242,61,78,197,44,239,98,44,244,154,146,18,22,146,16,145,61,182,62,181,213,197,167,146,77,154,44,61,99,239,44,154,78,77,99,146,61
