epoch_ms,mem_used_mib,cuda_driver_free_bytes,cuda_pool_used_bytes,cuda_pool_reserved_bytes,admission_booked_bytes,active_sessions,prefix_cache_bytes
1790419048180,8444,0,0,0,0,0,0
1790419048444,8444,0,0,0,0,0,0
1790419048694,8444,0,0,0,0,0,0
1790419048944,8444,0,0,0,0,0,0
1790419049194,8508,0,0,0,0,0,0
1790419049444,8764,15959326720,8541290852,8791261184,0,0,0
1790419049694,8764,15959326720,8541290852,8791261184,0,0,0
1790419049944,8764,15959326720,8541290852,8791261184,0,0,0
1790419050194,8764,15959326720,8541290852,8791261184,0,0,0
1790419050444,8764,15959326720,8541290852,8791261184,0,0,0
1790419050694,8764,15959326720,8541290852,8791261184,0,0,0
1790419050944,8764,15959326720,8541290852,8791261184,0,0,0
1790419051194,8764,15959326720,8541290852,8791261184,0,0,0
1790419051444,9212,15959326720,8541290852,8791261184,0,0,0
1790419051694,9212,15959326720,8541290852,8791261184,0,0,0
1790419051944,9212,15959326720,8541290852,8791261184,0,0,0
1790419052194,9212,15959326720,8541290852,8791261184,0,0,0
1790419052444,9212,15959326720,8541290852,8791261184,0,0,0
1790419052694,9212,15959326720,8541290852,8791261184,0,0,0
1790419052944,9212,15959326720,8541290852,8791261184,0,0,0
1790419053194,9212,15959326720,8541290852,8791261184,0,0,0
1790419053444,9212,15959326720,8541290852,8791261184,0,0,0
1790419053694,9212,15959326720,8541290852,8791261184,0,0,0
1790419053944,9212,15959326720,8541290852,8791261184,0,0,0
1790419054194,9212,15959326720,8541290852,8791261184,0,0,0
1790419054444,9212,15959326720,8541290852,8791261184,0,0,0
1790419054694,9212,15959326720,8541290852,8791261184,0,0,0
1790419054944,9212,15959326720,8541290852,8791261184,0,0,0
1790419055194,9212,15959326720,8541290852,8791261184,0,0,0
1790419055444,9212,15959326720,8541290852,8791261184,0,0,0
1790419055694,9212,15959326720,8541290852,8791261184,0,0,0
1790419055944,9212,15959326720,8541290852,8791261184,0,0,0
1790419056194,9212,15959326720,8541290852,8791261184,0,0,0
1790419056444,9212,15959326720,8541290852,8791261184,0,0,0
1790419056694,9212,15959326720,8541290852,8791261184,0,0,0
1790419056944,9212,15959326720,8541290852,8791261184,0,0,0
1790419057194,9212,15489564672,8955240904,9261023232,827798792,1,76226560
1790419057444,9212,15489564672,8955240904,9261023232,827798792,1,76226560
1790419057694,9212,15489564672,8955240904,9261023232,827798792,1,76226560
1790419057944,9212,15489564672,8955240904,9261023232,827798792,1,76226560
1790419058194,9212,15489564672,8955240904,9261023232,827798792,1,76226560
1790419058444,9212,15489564672,8955240904,9261023232,827798792,1,76226560
1790419058694,9212,15489564672,8955240904,9261023232,827798792,1,76226560
1790419058944,9212,15489564672,8955240904,9261023232,827798792,1,76226560
1790419059194,9212,15489564672,8955240904,9261023232,827798792,1,76226560
1790419059444,9212,15489564672,8955240904,9261023232,827798792,1,76226560
1790419059694,9212,15489564672,8955240904,9261023232,827798792,1,76226560
1790419059944,9212,15489564672,8955240904,9261023232,827798792,1,76226560
1790419060194,9212,15489564672,8955240904,9261023232,827798792,1,76226560
1790419060444,9212,15489564672,8955240904,9261023232,827798792,1,76226560
1790419060694,9212,15489564672,8955240904,9261023232,827798792,1,76226560
1790419060944,9212,15489564672,8955240904,9261023232,827798792,1,76226560
1790419061194,9212,15489564672,8955240904,9261023232,827798792,1,76226560
1790419061444,9212,15489564672,8955240904,9261023232,827798792,1,76226560
1790419061694,9212,15489564672,8955240904,9261023232,827798792,1,76226560
1790419061944,9212,15489564672,8955240904,9261023232,827798792,1,76226560
1790419062194,9212,15489564672,8955240904,9261023232,827798792,1,76226560
1790419062444,9212,15489564672,8955240904,9261023232,827798792,1,76226560
1790419062694,9212,15489564672,8955240904,9261023232,827798792,1,76226560
1790419062944,9212,15489564672,8955240904,9261023232,827798792,1,76226560
1790419063194,9212,15489564672,8955240904,9261023232,827798792,1,76226560
1790419063444,9212,15489564672,8955240904,9261023232,827798792,1,76226560
1790419063694,9212,15489564672,8955240904,9261023232,827798792,1,76226560
1790419063953,9212,15489564672,8955240904,9261023232,827798792,1,76226560
1790419064203,9212,15489564672,8955240904,9261023232,827798792,1,76226560
1790419064453,9212,15489564672,8955240904,9261023232,827798792,1,76226560
1790419064703,9212,15489564672,8955240904,9261023232,827798792,1,76226560
1790419064953,9212,15489564672,8955240904,9261023232,827798792,1,76226560
1790419065203,9212,15489564672,8955240904,9261023232,827798792,1,76226560
1790419065453,9212,15489564672,8955240904,9261023232,827798792,1,76226560
1790419065703,9212,15489564672,8955240904,9261023232,827798792,1,76226560
1790419065953,9212,15489564672,8955240904,9261023232,827798792,1,76226560
1790419066203,9212,15489564672,8955240904,9261023232,827798792,1,76226560
1790419066453,9212,15489564672,8955240904,9261023232,827798792,1,76226560
1790419066703,9212,15489564672,8955240904,9261023232,827798792,1,76226560
1790419066953,9212,15489564672,8963827144,9261023232,827798792,1,76226560
1790419067203,9212,15489564672,8963827144,9261023232,827798792,1,76226560
1790419067453,9212,15489564672,8963827144,9261023232,827798792,1,76226560
1790419067703,9212,15489564672,8963827144,9261023232,827798792,1,76226560
1790419067953,9212,15489564672,8963827144,9261023232,827798792,1,76226560
1790419068203,9212,15489564672,8963827144,9261023232,827798792,1,76226560
1790419068453,9212,15489564672,8963827144,9261023232,827798792,1,76226560
1790419068703,9212,15489564672,8963827144,9261023232,827798792,1,76226560
1790419068953,9212,15489564672,8963827144,9261023232,827798792,1,76226560
1790419069203,9212,15489564672,8963827144,9261023232,827798792,1,76226560
1790419069453,9212,15489564672,8963827144,9261023232,827798792,1,76226560
1790419069703,9212,15489564672,8963827144,9261023232,827798792,1,76226560
1790419069953,9212,15489564672,8963827144,9261023232,827798792,1,76226560
1790419070203,9212,15489564672,8963827144,9261023232,827798792,1,76226560
1790419070453,9212,15489564672,8963827144,9261023232,827798792,1,76226560
1790419070703,9628,15489564672,8963827144,9261023232,0,0,76226560
1790419070953,9628,15489564672,8963827144,9261023232,0,0,76226560
1790419071203,9628,15489564672,8963827144,9261023232,0,0,76226560
1790419071453,9629,15489564672,8963827144,9261023232,0,0,76226560
1790419071703,9629,15489564672,8963827144,9261023232,0,0,76226560
1790419071953,9629,15489564672,8963827144,9261023232,0,0,76226560
1790419072203,9629,15489564672,8963827144,9261023232,0,0,76226560
1790419072453,9629,15053094912,9377777196,9697230848,845447496,1,152453120
1790419072703,9629,15053094912,9377777196,9697230848,845447496,1,152453120
1790419072953,9629,15053094912,9377777196,9697230848,845447496,1,152453120
1790419073203,9629,15053094912,9377777196,9697230848,845447496,1,152453120
1790419073453,9629,15053094912,9377777196,9697230848,845447496,1,152453120
1790419073703,9629,15053094912,9377777196,9697230848,845447496,1,152453120
1790419073953,9629,15053094912,9377777196,9697230848,845447496,1,152453120
1790419074203,9629,15053094912,9377777196,9697230848,845447496,1,152453120
1790419074453,9629,15053094912,9377777196,9697230848,845447496,1,152453120
1790419074703,9629,15053094912,9377777196,9697230848,845447496,1,152453120
1790419074953,9629,15053094912,9377777196,9697230848,845447496,1,152453120
1790419075203,9629,15053094912,9377777196,9697230848,845447496,1,152453120
1790419075453,9629,15053094912,9377777196,9697230848,845447496,1,152453120
1790419075703,9629,15053094912,9377777196,9697230848,845447496,1,152453120
1790419075953,9629,15053094912,9377777196,9697230848,845447496,1,152453120
1790419076203,9629,15053094912,9377777196,9697230848,845447496,1,152453120
1790419076453,9629,15053094912,9377777196,9697230848,845447496,1,152453120
1790419076703,9629,15053094912,9377777196,9697230848,845447496,1,152453120
1790419076953,9629,15053094912,9377777196,9697230848,845447496,1,152453120
1790419077203,9629,15053094912,9377777196,9697230848,845447496,1,152453120
1790419077453,9629,15053094912,9377777196,9697230848,845447496,1,152453120
1790419077703,9629,15053094912,9377777196,9697230848,845447496,1,152453120
1790419077953,9629,15053094912,9377777196,9697230848,845447496,1,152453120
1790419078203,9629,15053094912,9377777196,9697230848,845447496,1,152453120
1790419078453,9629,15053094912,9377777196,9697230848,845447496,1,152453120
1790419078703,9629,15053094912,9377777196,9697230848,845447496,1,152453120
1790419078953,9629,15053094912,9377777196,9697230848,845447496,1,152453120
1790419079203,9629,15053094912,9377777196,9697230848,845447496,1,152453120
1790419079453,9629,15053094912,9377777196,9697230848,845447496,1,152453120
1790419079703,9629,15053094912,9377777196,9697230848,845447496,1,152453120
1790419079953,9629,15053094912,9377777196,9697230848,845447496,1,152453120
1790419080203,9629,15053094912,9377777196,9697230848,845447496,1,152453120
1790419080453,9629,15053094912,9377777196,9697230848,845447496,1,152453120
1790419080703,9629,15053094912,9377777196,9697230848,845447496,1,152453120
1790419080953,9629,15053094912,9377777196,9697230848,845447496,1,152453120
1790419081203,9629,15053094912,9377777196,9697230848,845447496,1,152453120
1790419081453,9629,15053094912,9377777196,9697230848,845447496,1,152453120
1790419081703,9629,15053094912,9377777196,9697230848,845447496,1,152453120
1790419081953,9629,15053094912,9377777196,9697230848,845447496,1,152453120
1790419082203,9629,15053094912,9377777196,9697230848,845447496,1,152453120
1790419082453,9629,15053094912,9377777196,9697230848,845447496,1,152453120
1790419082703,9629,15053094912,9377777196,9697230848,845447496,1,152453120
1790419082953,9629,15053094912,9377777196,9697230848,845447496,1,152453120
1790419083203,9629,15053094912,9377777196,9697230848,845447496,1,152453120
1790419083453,9629,15053094912,9377777196,9697230848,845447496,1,152453120
1790419083703,9629,15053094912,9377777196,9697230848,845447496,1,152453120
1790419083953,9629,15053094912,9377777196,9697230848,845447496,1,152453120
1790419084203,9629,15053094912,9377777196,9697230848,845447496,1,152453120
1790419084453,9629,15053094912,9377777196,9697230848,845447496,1,152453120
1790419084703,9629,15053094912,9377777196,9697230848,845447496,1,152453120
1790419084953,9629,15053094912,9377777196,9697230848,845447496,1,152453120
1790419085203,9629,15053094912,9377777196,9697230848,845447496,1,152453120
1790419085453,9629,15053094912,9377777196,9697230848,845447496,1,152453120
1790419085703,9629,15053094912,9377777196,9697230848,845447496,1,152453120
1790419085953,9629,15053094912,9377777196,9697230848,845447496,1,152453120
1790419086203,9629,15053094912,9377777196,9697230848,845447496,1,152453120
1790419086453,9629,15053094912,9377777196,9697230848,845447496,1,152453120
1790419086703,9629,15053094912,9377777196,9697230848,845447496,1,152453120
1790419086953,9629,15053094912,9377777196,9697230848,845447496,1,152453120
1790419087203,9629,15053094912,9377777196,9697230848,845447496,1,152453120
1790419087453,9629,15053094912,9377777196,9697230848,845447496,1,152453120
1790419087703,9629,15053094912,9377777196,9697230848,845447496,1,152453120
1790419087953,9629,15053094912,9377777196,9697230848,845447496,1,152453120
1790419088203,9629,15053094912,9377777196,9697230848,845447496,1,152453120
1790419088453,9629,15053094912,9377777196,9697230848,845447496,1,152453120
1790419088703,9629,15053094912,9377777196,9697230848,845447496,1,152453120
1790419088953,9629,15053094912,9377777196,9697230848,845447496,1,152453120
1790419089203,9629,15053094912,9377777196,9697230848,845447496,1,152453120
1790419089453,9629,15053094912,9377777196,9697230848,845447496,1,152453120
1790419089703,9629,15053094912,9377777196,9697230848,845447496,1,152453120
1790419089953,9629,15053094912,9377777196,9697230848,845447496,1,152453120
1790419090203,9629,15053094912,9377777196,9697230848,845447496,1,152453120
1790419090453,9629,15053094912,9377777196,9697230848,845447496,1,152453120
1790419090703,9629,15053094912,9377777196,9697230848,845447496,1,152453120
1790419090953,9629,15053094912,9377777196,9697230848,845447496,1,152453120
1790419091203,9629,15053094912,9377777196,9697230848,845447496,1,152453120
1790419091453,9629,15053094912,9377777196,9697230848,845447496,1,152453120
1790419091703,9629,15053094912,9377777196,9697230848,845447496,1,152453120
1790419091953,9629,15053094912,9377777196,9697230848,845447496,1,152453120
1790419092203,9629,15053094912,9377777196,9697230848,845447496,1,152453120
1790419092453,9629,15053094912,9377777196,9697230848,845447496,1,152453120
1790419092703,9629,15053094912,9377777196,9697230848,845447496,1,152453120
1790419092953,9853,15053094912,9163833416,9697230848,0,0,152453120
1790419093203,9853,15053094912,9163833416,9697230848,0,0,152453120
1790419093453,9853,15053094912,9163833416,9697230848,0,0,152453120
1790419093703,9853,15053094912,9163833416,9697230848,0,0,152453120
1790419093953,9853,15053094912,9163833416,9697230848,0,0,152453120
1790419094203,9853,15053094912,9163833416,9697230848,0,0,152453120
1790419094453,9853,14818213888,9577839148,9932111872,846578952,1,228679680
1790419094703,9853,14818213888,9577839148,9932111872,846578952,1,228679680
1790419094953,9853,14818213888,9577839148,9932111872,846578952,1,228679680
1790419095203,9853,14818213888,9577839148,9932111872,846578952,1,228679680
1790419095453,9853,14818213888,9577839148,9932111872,846578952,1,228679680
1790419095703,9853,14818213888,9577839148,9932111872,846578952,1,228679680
1790419095953,9853,14818213888,9577839148,9932111872,846578952,1,228679680
1790419096203,9853,14818213888,9577839148,9932111872,846578952,1,228679680
1790419096453,9853,14818213888,9577839148,9932111872,846578952,1,228679680
1790419096703,9853,14818213888,9577839148,9932111872,846578952,1,228679680
1790419096953,9853,14818213888,9577839148,9932111872,846578952,1,228679680
1790419097203,9853,14818213888,9577839148,9932111872,846578952,1,228679680
1790419097453,9853,14818213888,9577839148,9932111872,846578952,1,228679680
1790419097703,9853,14818213888,9577839148,9932111872,846578952,1,228679680
1790419097953,9853,14818213888,9577839148,9932111872,846578952,1,228679680
1790419098203,9853,14818213888,9577839148,9932111872,846578952,1,228679680
1790419098453,9853,14818213888,9577839148,9932111872,846578952,1,228679680
1790419098703,9853,14818213888,9577839148,9932111872,846578952,1,228679680
1790419098953,9853,14818213888,9577839148,9932111872,846578952,1,228679680
1790419099203,9853,14818213888,9577839148,9932111872,846578952,1,228679680
1790419099453,9853,14818213888,9577839148,9932111872,846578952,1,228679680
1790419099703,9853,14818213888,9577839148,9932111872,846578952,1,228679680
1790419099953,9853,14818213888,9577839148,9932111872,846578952,1,228679680
1790419100203,9853,14818213888,9577839148,9932111872,846578952,1,228679680
1790419100453,9853,14818213888,9577839148,9932111872,846578952,1,228679680
1790419100703,9853,14818213888,9577839148,9932111872,846578952,1,228679680
1790419100953,9853,14818213888,9577839148,9932111872,846578952,1,228679680
1790419101203,9853,14818213888,9577839148,9932111872,846578952,1,228679680
1790419101453,9853,14818213888,9577839148,9932111872,846578952,1,228679680
1790419101703,9853,14818213888,9577839148,9932111872,846578952,1,228679680
1790419101953,9853,14818213888,9577839148,9932111872,846578952,1,228679680
1790419102203,9853,14818213888,9577839148,9932111872,846578952,1,228679680
1790419102453,9853,14818213888,9577839148,9932111872,846578952,1,228679680
1790419102703,9853,14818213888,9577839148,9932111872,846578952,1,228679680
1790419102953,9853,14818213888,9577839148,9932111872,846578952,1,228679680
1790419103203,9853,14818213888,9577839148,9932111872,846578952,1,228679680
1790419103453,9853,14818213888,9577839148,9932111872,846578952,1,228679680
1790419103703,9853,14818213888,9577839148,9932111872,846578952,1,228679680
1790419103953,9853,14818213888,9577839148,9932111872,846578952,1,228679680
1790419104203,9853,14818213888,9577839148,9932111872,846578952,1,228679680
1790419104453,9853,14818213888,9577839148,9932111872,846578952,1,228679680
1790419104703,9853,14818213888,9577839148,9932111872,846578952,1,228679680
1790419104953,9853,14818213888,9577839148,9932111872,846578952,1,228679680
1790419105203,9853,14818213888,9577839148,9932111872,846578952,1,228679680
1790419105453,9853,14818213888,9577839148,9932111872,846578952,1,228679680
1790419105703,9853,14818213888,9577839148,9932111872,846578952,1,228679680
1790419105953,9853,14818213888,9577839148,9932111872,846578952,1,228679680
1790419106203,9853,14818213888,9577839148,9932111872,846578952,1,228679680
1790419106453,9853,14818213888,9577839148,9932111872,846578952,1,228679680
1790419106703,9853,14818213888,9577839148,9932111872,846578952,1,228679680
1790419106953,9853,14818213888,9577839148,9932111872,846578952,1,228679680
1790419107203,9853,14818213888,9577839148,9932111872,846578952,1,228679680
1790419107453,9853,14818213888,9577839148,9932111872,846578952,1,228679680
1790419107703,9853,14818213888,9577839148,9932111872,846578952,1,228679680
1790419107953,9853,14818213888,9577839148,9932111872,846578952,1,228679680
1790419108203,9853,14818213888,9577839148,9932111872,846578952,1,228679680
1790419108453,9853,14818213888,9577839148,9932111872,846578952,1,228679680
1790419108703,9853,14818213888,9577839148,9932111872,846578952,1,228679680
1790419108953,9853,14818213888,9577839148,9932111872,846578952,1,228679680
1790419109203,9853,14818213888,9577839148,9932111872,846578952,1,228679680
1790419109453,9853,14818213888,9577839148,9932111872,846578952,1,228679680
1790419109703,9853,14818213888,9577839148,9932111872,846578952,1,228679680
1790419109953,9853,14818213888,9577839148,9932111872,846578952,1,228679680
1790419110203,9853,14818213888,9577839148,9932111872,846578952,1,228679680
1790419110453,9853,14818213888,9577839148,9932111872,846578952,1,228679680
1790419110703,9853,14818213888,9577839148,9932111872,846578952,1,228679680
1790419110953,9853,14818213888,9577839148,9932111872,846578952,1,228679680
1790419111203,9853,14818213888,9577839148,9932111872,846578952,1,228679680
1790419111453,9853,14818213888,9577839148,9932111872,846578952,1,228679680
1790419111703,9853,14818213888,9577839148,9932111872,846578952,1,228679680
1790419111953,9853,14818213888,9577839148,9932111872,846578952,1,228679680
1790419112203,9853,14818213888,9577839148,9932111872,846578952,1,228679680
1790419112453,9853,14818213888,9577839148,9932111872,846578952,1,228679680
1790419112703,9853,14818213888,9577839148,9932111872,846578952,1,228679680
1790419112953,9853,14818213888,9577839148,9932111872,846578952,1,228679680
1790419113203,9853,14818213888,9577839148,9932111872,846578952,1,228679680
1790419113453,9853,14818213888,9577839148,9932111872,846578952,1,228679680
1790419113703,9853,14818213888,9577839148,9932111872,846578952,1,228679680
1790419113953,9853,14818213888,9577839148,9932111872,846578952,1,228679680
1790419114203,9853,14818213888,9577839148,9932111872,846578952,1,228679680
1790419114453,9853,14818213888,9577839148,9932111872,846578952,1,228679680
1790419114703,9853,14818213888,9577839148,9932111872,846578952,1,228679680
1790419114953,9853,14818213888,9577839148,9932111872,846578952,1,228679680
1790419115203,9853,14818213888,9577839148,9932111872,846578952,1,228679680
1790419115453,9853,14818213888,9577839148,9932111872,846578952,1,228679680
1790419115703,9853,14818213888,9577839148,9932111872,846578952,1,228679680
1790419115953,9853,14818213888,9577839148,9932111872,846578952,1,228679680
1790419116203,9853,14818213888,9577839148,9932111872,846578952,1,228679680
1790419116453,9853,14818213888,9577839148,9932111872,846578952,1,228679680
1790419116703,9853,14818213888,9577839148,9932111872,846578952,1,228679680
1790419116953,9917,14818213888,9240099272,9932111872,0,0,228679680
1790419117203,9917,14818213888,9240099272,9932111872,0,0,228679680
1790419117453,9917,14818213888,9240099272,9932111872,0,0,228679680
1790419117703,9917,14818213888,9240099272,9932111872,0,0,228679680
1790419117953,9917,14818213888,9240099272,9932111872,0,0,228679680
1790419118203,9917,14818213888,9240099272,9932111872,0,0,228679680
1790419118453,9917,14818213888,9240099272,9932111872,0,0,228679680
1790419118703,9917,14818213888,9240099272,9932111872,0,0,228679680
1790419118953,9917,14751105024,9654105004,9999220736,846584520,1,304906240
1790419119203,9917,14751105024,9654105004,9999220736,846584520,1,304906240
1790419119453,9917,14751105024,9654105004,9999220736,846584520,1,304906240
1790419119703,9917,14751105024,9654105004,9999220736,846584520,1,304906240
1790419119953,9917,14751105024,9654105004,9999220736,846584520,1,304906240
1790419120203,9917,14751105024,9654105004,9999220736,846584520,1,304906240
1790419120453,9917,14751105024,9654105004,9999220736,846584520,1,304906240
1790419120703,9917,14751105024,9654105004,9999220736,846584520,1,304906240
1790419120953,9917,14751105024,9654105004,9999220736,846584520,1,304906240
1790419121203,9917,14751105024,9654105004,9999220736,846584520,1,304906240
1790419121453,9917,14751105024,9654105004,9999220736,846584520,1,304906240
1790419121703,9917,14751105024,9654105004,9999220736,846584520,1,304906240
1790419121953,9917,14751105024,9654105004,9999220736,846584520,1,304906240
1790419122203,9917,14751105024,9654105004,9999220736,846584520,1,304906240
1790419122453,9917,14751105024,9654105004,9999220736,846584520,1,304906240
1790419122703,9917,14751105024,9654105004,9999220736,846584520,1,304906240
1790419122953,9917,14751105024,9654105004,9999220736,846584520,1,304906240
1790419123203,9917,14751105024,9654105004,9999220736,846584520,1,304906240
1790419123453,9917,14751105024,9654105004,9999220736,846584520,1,304906240
1790419123703,9917,14751105024,9654105004,9999220736,846584520,1,304906240
1790419123953,9917,14751105024,9654105004,9999220736,846584520,1,304906240
1790419124203,9917,14751105024,9654105004,9999220736,846584520,1,304906240
1790419124453,9917,14751105024,9654105004,9999220736,846584520,1,304906240
1790419124703,9917,14751105024,9654105004,9999220736,846584520,1,304906240
1790419124953,9917,14751105024,9654105004,9999220736,846584520,1,304906240
1790419125203,9917,14751105024,9654105004,9999220736,846584520,1,304906240
1790419125453,9917,14751105024,9654105004,9999220736,846584520,1,304906240
1790419125703,9917,14751105024,9654105004,9999220736,846584520,1,304906240
1790419125953,9917,14751105024,9654105004,9999220736,846584520,1,304906240
1790419126203,9917,14751105024,9654105004,9999220736,846584520,1,304906240
1790419126453,9917,14751105024,9654105004,9999220736,846584520,1,304906240
1790419126703,9917,14751105024,9654105004,9999220736,846584520,1,304906240
1790419126953,9917,14751105024,9654105004,9999220736,846584520,1,304906240
1790419127203,9917,14751105024,9654105004,9999220736,846584520,1,304906240
1790419127453,9917,14751105024,9654105004,9999220736,846584520,1,304906240
1790419127703,9917,14751105024,9654105004,9999220736,846584520,1,304906240
1790419127953,9917,14751105024,9654105004,9999220736,846584520,1,304906240
1790419128203,9917,14751105024,9654105004,9999220736,846584520,1,304906240
1790419128453,9917,14751105024,9654105004,9999220736,846584520,1,304906240
1790419128703,9917,14751105024,9654105004,9999220736,846584520,1,304906240
1790419128953,9917,14751105024,9654105004,9999220736,846584520,1,304906240
1790419129203,9917,14751105024,9654105004,9999220736,846584520,1,304906240
1790419129453,9917,14751105024,9654105004,9999220736,846584520,1,304906240
1790419129703,9917,14751105024,9654105004,9999220736,846584520,1,304906240
1790419129953,9917,14751105024,9654105004,9999220736,846584520,1,304906240
1790419130203,9917,14751105024,9654105004,9999220736,846584520,1,304906240
1790419130453,9917,14751105024,9654105004,9999220736,846584520,1,304906240
1790419130703,9917,14751105024,9654105004,9999220736,846584520,1,304906240
1790419130953,9917,14751105024,9654105004,9999220736,846584520,1,304906240
1790419131203,9917,14751105024,9654105004,9999220736,846584520,1,304906240
1790419131453,9917,14751105024,9654105004,9999220736,846584520,1,304906240
1790419131703,9917,14751105024,9654105004,9999220736,846584520,1,304906240
1790419131953,9917,14751105024,9654105004,9999220736,846584520,1,304906240
1790419132203,9917,14751105024,9654105004,9999220736,846584520,1,304906240
1790419132453,9917,14751105024,9654105004,9999220736,846584520,1,304906240
1790419132703,9917,14751105024,9654105004,9999220736,846584520,1,304906240
1790419132953,9917,14751105024,9654105004,9999220736,846584520,1,304906240
1790419133203,9917,14751105024,9654105004,9999220736,846584520,1,304906240
1790419133453,9917,14751105024,9654105004,9999220736,846584520,1,304906240
1790419133703,9917,14751105024,9654105004,9999220736,846584520,1,304906240
1790419133953,9917,14751105024,9654105004,9999220736,846584520,1,304906240
1790419134203,9917,14751105024,9654105004,9999220736,846584520,1,304906240
1790419134453,9917,14751105024,9654105004,9999220736,846584520,1,304906240
1790419134703,9917,14751105024,9654105004,9999220736,846584520,1,304906240
1790419134953,9917,14751105024,9654105004,9999220736,846584520,1,304906240
1790419135203,9917,14751105024,9654105004,9999220736,846584520,1,304906240
1790419135453,9917,14751105024,9654105004,9999220736,846584520,1,304906240
1790419135703,9917,14751105024,9654105004,9999220736,846584520,1,304906240
1790419135953,9917,14751105024,9654105004,9999220736,846584520,1,304906240
1790419136203,9917,14751105024,9654105004,9999220736,846584520,1,304906240
1790419136453,9917,14751105024,9654105004,9999220736,846584520,1,304906240
1790419136703,9917,14751105024,9654105004,9999220736,846584520,1,304906240
1790419136953,9917,14751105024,9654105004,9999220736,846584520,1,304906240
1790419137203,9917,14751105024,9654105004,9999220736,846584520,1,304906240
1790419137453,9917,14751105024,9654105004,9999220736,846584520,1,304906240
1790419137703,9917,14751105024,9654105004,9999220736,846584520,1,304906240
1790419137953,9917,14751105024,9654105004,9999220736,846584520,1,304906240
1790419138203,9917,14751105024,9654105004,9999220736,846584520,1,304906240
1790419138453,9917,14751105024,9654105004,9999220736,846584520,1,304906240
1790419138703,9917,14751105024,9654105004,9999220736,846584520,1,304906240
1790419138953,9917,14751105024,9654105004,9999220736,846584520,1,304906240
1790419139203,9917,14751105024,9654105004,9999220736,846584520,1,304906240
1790419139453,9917,14751105024,9654105004,9999220736,846584520,1,304906240
1790419139703,9917,14751105024,9654105004,9999220736,846584520,1,304906240
1790419139953,9917,14751105024,9654105004,9999220736,846584520,1,304906240
1790419140203,9917,14751105024,9654105004,9999220736,846584520,1,304906240
1790419140453,9917,14751105024,9654105004,9999220736,846584520,1,304906240
1790419140703,9917,14751105024,9654105004,9999220736,846584520,1,304906240
1790419140953,9917,14751105024,9654105004,9999220736,846584520,1,304906240
1790419141203,9917,14751105024,9654105004,9999220736,846584520,1,304906240
1790419141453,9917,14751105024,9654105004,9999220736,846584520,1,304906240
1790419141703,9917,14751105024,9654105004,9999220736,846584520,1,304906240
1790419141953,9917,14751105024,9654105004,9999220736,846584520,1,304906240
1790419142203,9917,14751105024,9654105004,9999220736,846584520,1,304906240
1790419142453,9917,14751105024,9654105004,9999220736,846584520,1,304906240
1790419142703,9917,14751105024,9654105004,9999220736,846584520,1,304906240
1790419142953,9917,14751105024,9654105004,9999220736,846584520,1,304906240
1790419143203,9917,14751105024,9654105004,9999220736,846584520,1,304906240
1790419143453,9917,14751105024,9654105004,9999220736,846584520,1,304906240
1790419143703,9917,14751105024,9654105004,9999220736,846584520,1,304906240
1790419143953,9917,14751105024,9654105004,9999220736,846584520,1,304906240
1790419144203,9981,14751105024,9316365128,9999220736,0,0,304906240
1790419144453,9981,14751105024,9316365128,9999220736,0,0,304906240
1790419144703,9981,14751105024,9316365128,9999220736,0,0,304906240
1790419144953,9981,14751105024,9316365128,9999220736,0,0,304906240
1790419145203,9981,14751105024,9316365128,9999220736,0,0,304906240
1790419145453,9981,14751105024,9316365128,9999220736,0,0,304906240
1790419145703,9981,14751105024,9316365128,9999220736,0,0,304906240
1790419145953,9981,14751105024,9316365128,9999220736,0,0,304906240
1790419146203,9981,14751105024,9316365128,9999220736,0,0,304906240
1790419146453,9981,14751105024,9316365128,9999220736,0,0,304906240
1790419146703,9981,14751105024,9316365128,9999220736,0,0,304906240
1790419146953,9981,14751105024,9316365128,9999220736,0,0,304906240
1790419147203,9981,14751105024,9316365128,9999220736,0,0,304906240
1790419147453,9981,14751105024,9316365128,9999220736,0,0,304906240
1790419147703,9981,14751105024,9316365128,9999220736,0,0,304906240
1790419147953,9981,14751105024,9316365128,9999220736,0,0,304906240
1790419148203,9981,14751105024,9316365128,9999220736,0,0,304906240
1790419148453,9981,14751105024,9316365128,9999220736,0,0,304906240
1790419148703,9981,14751105024,9316365128,9999220736,0,0,304906240
1790419148953,9981,14683996160,9730352300,10066329600,846207368,1,381132800
1790419149203,9981,14683996160,9730352300,10066329600,846207368,1,381132800
1790419149453,9981,14683996160,9730352300,10066329600,846207368,1,381132800
1790419149703,9981,14683996160,9730352300,10066329600,846207368,1,381132800
1790419149953,9981,14683996160,9730352300,10066329600,846207368,1,381132800
1790419150203,9981,14683996160,9730352300,10066329600,846207368,1,381132800
1790419150453,9981,14683996160,9730352300,10066329600,846207368,1,381132800
1790419150703,9981,14683996160,9730352300,10066329600,846207368,1,381132800
1790419150953,9981,14683996160,9730352300,10066329600,846207368,1,381132800
1790419151203,9981,14683996160,9730352300,10066329600,846207368,1,381132800
1790419151453,9981,14683996160,9730352300,10066329600,846207368,1,381132800
1790419151703,9981,14683996160,9730352300,10066329600,846207368,1,381132800
1790419151953,9981,14683996160,9730352300,10066329600,846207368,1,381132800
1790419152203,9981,14683996160,9730352300,10066329600,846207368,1,381132800
1790419152453,9981,14683996160,9730352300,10066329600,846207368,1,381132800
1790419152703,9981,14683996160,9730352300,10066329600,846207368,1,381132800
1790419152953,9981,14683996160,9730352300,10066329600,846207368,1,381132800
1790419153203,9981,14683996160,9730352300,10066329600,846207368,1,381132800
1790419153453,9981,14683996160,9730352300,10066329600,846207368,1,381132800
1790419153703,9981,14683996160,9730352300,10066329600,846207368,1,381132800
1790419153953,9981,14683996160,9730352300,10066329600,846207368,1,381132800
1790419154203,9981,14683996160,9730352300,10066329600,846207368,1,381132800
1790419154453,9981,14683996160,9730352300,10066329600,846207368,1,381132800
1790419154703,9981,14683996160,9730352300,10066329600,846207368,1,381132800
1790419154953,9981,14683996160,9730352300,10066329600,846207368,1,381132800
1790419155203,9981,14683996160,9730352300,10066329600,846207368,1,381132800
1790419155453,9981,14683996160,9730352300,10066329600,846207368,1,381132800
1790419155703,9981,14683996160,9730352300,10066329600,846207368,1,381132800
1790419155953,9981,14683996160,9730352300,10066329600,846207368,1,381132800
1790419156203,9981,14683996160,9730352300,10066329600,846207368,1,381132800
1790419156453,9981,14683996160,9730352300,10066329600,846207368,1,381132800
1790419156703,9981,14683996160,9730352300,10066329600,846207368,1,381132800
1790419156953,9981,14683996160,9730352300,10066329600,846207368,1,381132800
1790419157203,9981,14683996160,9730352300,10066329600,846207368,1,381132800
1790419157453,9981,14683996160,9730352300,10066329600,846207368,1,381132800
1790419157703,9981,14683996160,9730352300,10066329600,846207368,1,381132800
1790419157953,9981,14683996160,9730352300,10066329600,846207368,1,381132800
1790419158203,9981,14683996160,9730352300,10066329600,846207368,1,381132800
1790419158453,9981,14683996160,9730352300,10066329600,846207368,1,381132800
1790419158703,9981,14683996160,9730352300,10066329600,846207368,1,381132800
1790419158953,9981,14683996160,9730352300,10066329600,846207368,1,381132800
1790419159203,9981,14683996160,9730352300,10066329600,846207368,1,381132800
1790419159453,9981,14683996160,9730352300,10066329600,846207368,1,381132800
1790419159703,9981,14683996160,9730352300,10066329600,846207368,1,381132800
1790419159953,9981,14683996160,9730352300,10066329600,846207368,1,381132800
1790419160203,9981,14683996160,9730352300,10066329600,846207368,1,381132800
1790419160453,9981,14683996160,9730352300,10066329600,846207368,1,381132800
1790419160703,9981,14683996160,9730352300,10066329600,846207368,1,381132800
1790419161036,9981,14683996160,9730352300,10066329600,846207368,1,381132800
1790419161286,9981,14683996160,9730352300,10066329600,846207368,1,381132800
1790419161536,9981,14683996160,9730352300,10066329600,846207368,1,381132800
1790419161786,9981,14683996160,9730352300,10066329600,846207368,1,381132800
1790419162036,9981,14683996160,9730352300,10066329600,846207368,1,381132800
1790419162286,9981,14683996160,9730352300,10066329600,846207368,1,381132800
1790419162536,9981,14683996160,9730352300,10066329600,846207368,1,381132800
1790419162786,9981,14683996160,9730352300,10066329600,846207368,1,381132800
1790419163036,9981,14683996160,9730352300,10066329600,846207368,1,381132800
1790419163286,9981,14683996160,9730352300,10066329600,846207368,1,381132800
1790419163536,9981,14683996160,9730352300,10066329600,846207368,1,381132800
1790419163786,9981,14683996160,9730352300,10066329600,846207368,1,381132800
1790419164036,9981,14683996160,9730352300,10066329600,846207368,1,381132800
1790419164286,9981,14683996160,9730352300,10066329600,846207368,1,381132800
1790419164536,9981,14683996160,9730352300,10066329600,846207368,1,381132800
1790419164786,9981,14683996160,9730352300,10066329600,846207368,1,381132800
1790419165036,9981,14683996160,9730352300,10066329600,846207368,1,381132800
1790419165286,9981,14683996160,9730352300,10066329600,846207368,1,381132800
1790419165536,9981,14683996160,9730352300,10066329600,846207368,1,381132800
1790419165786,9981,14683996160,9730352300,10066329600,846207368,1,381132800
1790419166337,9981,14683996160,9730352300,10066329600,846207368,1,381132800
1790419166587,9981,14683996160,9730352300,10066329600,846207368,1,381132800
1790419166837,9981,14683996160,9730352300,10066329600,846207368,1,381132800
1790419167087,9981,14683996160,9730352300,10066329600,846207368,1,381132800
1790419167337,9981,14683996160,9730352300,10066329600,846207368,1,381132800
1790419167587,9981,14683996160,9730352300,10066329600,846207368,1,381132800
1790419167837,9981,14683996160,9730352300,10066329600,846207368,1,381132800
1790419168087,9981,14683996160,9730352300,10066329600,846207368,1,381132800
1790419168337,9981,14683996160,9730352300,10066329600,846207368,1,381132800
1790419168587,9981,14683996160,9730352300,10066329600,846207368,1,381132800
1790419168837,9981,14683996160,9730352300,10066329600,846207368,1,381132800
1790419169087,9981,14683996160,9730352300,10066329600,846207368,1,381132800
1790419169337,9981,14683996160,9730352300,10066329600,846207368,1,381132800
1790419169587,9981,14683996160,9730352300,10066329600,846207368,1,381132800
1790419169837,9981,14683996160,9730352300,10066329600,846207368,1,381132800
1790419170087,9981,14683996160,9730352300,10066329600,846207368,1,381132800
1790419170337,9981,14683996160,9730352300,10066329600,846207368,1,381132800
1790419170587,9981,14683996160,9730352300,10066329600,846207368,1,381132800
1790419170837,9981,14683996160,9730352300,10066329600,846207368,1,381132800
1790419171087,9981,14683996160,9730352300,10066329600,846207368,1,381132800
1790419171458,9981,14683996160,9730352300,10066329600,846207368,1,381132800
1790419171708,9981,14683996160,9730352300,10066329600,846207368,1,381132800
1790419171958,9981,14683996160,9730352300,10066329600,846207368,1,381132800
1790419172208,9981,14683996160,9730352300,10066329600,846207368,1,381132800
1790419172458,9981,14683996160,9730352300,10066329600,846207368,1,381132800
1790419172708,9981,14683996160,9730352300,10066329600,846207368,1,381132800
1790419172958,9981,14683996160,9730352300,10066329600,846207368,1,381132800
1790419173208,9981,14683996160,9730352300,10066329600,846207368,1,381132800
1790419173458,9981,14683996160,9730352300,10066329600,846207368,1,381132800
1790419173708,10013,14683996160,9392556744,10066329600,0,0,381132800
1790419173958,10013,14683996160,9392556744,10066329600,0,0,381132800
1790419174208,10013,14683996160,9392556744,10066329600,0,0,381132800
1790419174458,10013,14683996160,9392556744,10066329600,0,0,381132800
1790419174708,10013,14650441728,9326534216,10099884032,0,0,461101056
1790419174958,10013,14650441728,9326534216,10099884032,0,0,461101056
1790419175208,10013,14650441728,9326534216,10099884032,0,0,461101056
1790419175458,10013,14650441728,9326534216,10099884032,0,0,461101056
1790419175708,10013,14650441728,9260511688,10099884032,0,0,541069312
1790419175958,10013,14650441728,9260511688,10099884032,0,0,541069312
1790419176208,10013,14650441728,9260511688,10099884032,0,0,541069312
1790419176458,10013,14650441728,9260511688,10099884032,0,0,541069312
1790419176708,10013,14650441728,9260511688,10099884032,0,0,541069312
1790419176958,10013,14650441728,9340426440,10099884032,0,0,621037568
1790419177208,10013,14650441728,9340426440,10099884032,0,0,621037568
1790419177458,10013,14650441728,9340426440,10099884032,0,0,621037568
1790419177708,10013,14650441728,9340426440,10099884032,0,0,621037568
1790419177958,10045,14650441728,9420359752,10099884032,0,0,701005824
1790419178208,10045,14650441728,9420359752,10099884032,0,0,701005824
1790419178458,10045,14650441728,9420359752,10099884032,0,0,701005824
1790419178708,10045,14650441728,9420359752,10099884032,0,0,701005824
1790419178958,10045,14616887296,9500255944,10133438464,0,0,780974080
1790419179208,10045,14616887296,9500255944,10133438464,0,0,780974080
1790419179458,10045,14616887296,9500255944,10133438464,0,0,780974080
1790419179708,10045,14616887296,9500255944,10133438464,0,0,780974080
1790419179958,10047,14616887296,9500255944,10133438464,0,0,780974080
1790419180208,10047,14616887296,9500255944,10133438464,0,0,780974080
1790419180458,10047,14616887296,9500255944,10133438464,0,0,780974080
1790419180708,10047,14616887296,9500255944,10133438464,0,0,780974080
1790419180958,10047,14616887296,9500255944,10133438464,0,0,780974080
1790419181208,10047,14616887296,9500255944,10133438464,0,0,780974080
1790419181458,10047,14616887296,9500255944,10133438464,0,0,780974080
1790419181708,10047,14616887296,9500255944,10133438464,0,0,780974080
1790419181958,10047,14616887296,9500255944,10133438464,0,0,780974080
1790419182208,10047,14616887296,9500255944,10133438464,0,0,780974080
1790419182458,10047,14616887296,9500255944,10133438464,0,0,780974080
1790419182708,10047,14614790144,9915612844,10133438464,863179208,1,857735168
1790419182958,10047,14614790144,9915612844,10133438464,863179208,1,857735168
1790419183208,10047,14614790144,9915612844,10133438464,863179208,1,857735168
1790419183458,10047,14614790144,9915612844,10133438464,863179208,1,857735168
1790419183708,10047,14614790144,9915612844,10133438464,863179208,1,857735168
1790419183958,10047,14614790144,9915612844,10133438464,863179208,1,857735168
1790419184208,10047,14614790144,9915612844,10133438464,863179208,1,857735168
1790419184458,10047,14614790144,9915612844,10133438464,863179208,1,857735168
1790419184708,10047,14614790144,9915612844,10133438464,863179208,1,857735168
1790419184958,10047,14614790144,9915612844,10133438464,863179208,1,857735168
1790419185208,10047,14614790144,9915612844,10133438464,863179208,1,857735168
1790419185458,10047,14614790144,9915612844,10133438464,863179208,1,857735168
1790419185708,10047,14614790144,9915612844,10133438464,863179208,1,857735168
1790419185958,10047,14614790144,9915612844,10133438464,863179208,1,857735168
1790419186208,10047,14614790144,9915612844,10133438464,863179208,1,857735168
1790419186458,10047,14614790144,9915612844,10133438464,863179208,1,857735168
1790419186708,10047,14614790144,9915612844,10133438464,863179208,1,857735168
1790419186958,10047,14614790144,9915612844,10133438464,863179208,1,857735168
1790419187208,10047,14614790144,9915612844,10133438464,863179208,1,857735168
1790419187458,10047,14614790144,9915612844,10133438464,863179208,1,857735168
1790419187708,10047,14614790144,9915612844,10133438464,863179208,1,857735168
1790419187958,10047,14614790144,9915612844,10133438464,863179208,1,857735168
1790419188208,10047,14614790144,9915612844,10133438464,863179208,1,857735168
1790419188458,10047,14614790144,9915612844,10133438464,863179208,1,857735168
1790419188708,10047,14614790144,9915612844,10133438464,863179208,1,857735168
1790419188958,10047,14614790144,9915612844,10133438464,863179208,1,857735168
1790419189208,10047,14614790144,9915612844,10133438464,863179208,1,857735168
1790419189458,10047,14614790144,9915612844,10133438464,863179208,1,857735168
1790419189708,10047,14614790144,9915612844,10133438464,863179208,1,857735168
1790419189958,10047,14614790144,9915612844,10133438464,863179208,1,857735168
1790419190208,10047,14614790144,9915612844,10133438464,863179208,1,857735168
1790419190458,10047,14614790144,9915612844,10133438464,863179208,1,857735168
1790419190708,10047,14614790144,9915612844,10133438464,863179208,1,857735168
1790419190958,10047,14614790144,9915612844,10133438464,863179208,1,857735168
1790419191208,10047,14614790144,9915612844,10133438464,863179208,1,857735168
1790419191458,10047,14614790144,9915612844,10133438464,863179208,1,857735168
1790419191708,10239,14614790144,9723828808,10133438464,0,0,857735168
1790419191958,10271,14614790144,9723828808,10133438464,0,0,857735168
1790419192208,10271,14614790144,9723828808,10133438464,0,0,857735168
1790419192458,10271,14614790144,9723828808,10133438464,0,0,857735168
1790419192708,10271,14614790144,9723828808,10133438464,0,0,857735168
1790419192958,10271,14614790144,9723828808,10133438464,0,0,857735168
1790419193208,10271,14614790144,9723828808,10133438464,0,0,857735168
1790419193458,10271,14614790144,9723828808,10133438464,0,0,857735168
1790419193708,10271,14614790144,9723828808,10133438464,0,0,857735168
1790419193958,10271,14379909120,10139980076,10368319488,868557384,1,935030784
1790419194208,10271,14379909120,10139980076,10368319488,868557384,1,935030784
1790419194458,10271,14379909120,10139980076,10368319488,868557384,1,935030784
1790419194708,10271,14379909120,10139980076,10368319488,868557384,1,935030784
1790419194958,10271,14379909120,10139980076,10368319488,868557384,1,935030784
1790419195208,10271,14379909120,10139980076,10368319488,868557384,1,935030784
1790419195458,10271,14379909120,10139980076,10368319488,868557384,1,935030784
1790419195708,10271,14379909120,10139980076,10368319488,868557384,1,935030784
1790419195958,10271,14379909120,10139980076,10368319488,868557384,1,935030784
1790419196208,10271,14379909120,10139980076,10368319488,868557384,1,935030784
1790419196458,10271,14379909120,10139980076,10368319488,868557384,1,935030784
1790419196708,10271,14379909120,10139980076,10368319488,868557384,1,935030784
1790419196958,10271,14379909120,10139980076,10368319488,868557384,1,935030784
1790419197208,10271,14379909120,10139980076,10368319488,868557384,1,935030784
1790419197458,10271,14379909120,10139980076,10368319488,868557384,1,935030784
1790419197708,10271,14379909120,10139980076,10368319488,868557384,1,935030784
1790419197958,10271,14379909120,10139980076,10368319488,868557384,1,935030784
1790419198208,10271,14379909120,10139980076,10368319488,868557384,1,935030784
1790419198458,10271,14379909120,10139980076,10368319488,868557384,1,935030784
1790419198708,10271,14379909120,10139980076,10368319488,868557384,1,935030784
1790419198958,10271,14379909120,10139980076,10368319488,868557384,1,935030784
1790419199208,10271,14379909120,10139980076,10368319488,868557384,1,935030784
1790419199458,10271,14379909120,10139980076,10368319488,868557384,1,935030784
1790419199708,10271,14379909120,10139980076,10368319488,868557384,1,935030784
1790419199958,10271,14379909120,10139980076,10368319488,868557384,1,935030784
1790419200208,10271,14379909120,10139980076,10368319488,868557384,1,935030784
1790419200458,10271,14379909120,10139980076,10368319488,868557384,1,935030784
1790419200708,10271,14379909120,10139980076,10368319488,868557384,1,935030784
1790419200958,10271,14379909120,10139980076,10368319488,868557384,1,935030784
1790419201208,10271,14379909120,10139980076,10368319488,868557384,1,935030784
1790419201458,10271,14379909120,10139980076,10368319488,868557384,1,935030784
1790419201708,10271,14379909120,10139980076,10368319488,868557384,1,935030784
1790419201958,10271,14379909120,10139980076,10368319488,868557384,1,935030784
1790419202208,10271,14379909120,10139980076,10368319488,868557384,1,935030784
1790419202458,10271,14379909120,10139980076,10368319488,868557384,1,935030784
1790419202708,10271,14379909120,10139980076,10368319488,868557384,1,935030784
1790419202958,10271,14379909120,10139980076,10368319488,868557384,1,935030784
1790419203208,10271,14379909120,10139980076,10368319488,868557384,1,935030784
1790419203458,10271,14379909120,10139980076,10368319488,868557384,1,935030784
1790419203708,10271,14379909120,10139980076,10368319488,868557384,1,935030784
1790419203958,10271,14379909120,10139980076,10368319488,868557384,1,935030784
1790419204208,10271,14379909120,10139980076,10368319488,868557384,1,935030784
1790419204458,10271,14379909120,10139980076,10368319488,868557384,1,935030784
1790419204708,10271,14379909120,10139980076,10368319488,868557384,1,935030784
1790419204958,10271,14379909120,10139980076,10368319488,868557384,1,935030784
1790419205208,10271,14379909120,10139980076,10368319488,868557384,1,935030784
1790419205458,10271,14379909120,10139980076,10368319488,868557384,1,935030784
1790419205708,10271,14379909120,10139980076,10368319488,868557384,1,935030784
1790419205958,10271,14379909120,10139980076,10368319488,868557384,1,935030784
1790419206208,10271,14379909120,10139980076,10368319488,868557384,1,935030784
1790419206458,10271,14379909120,10139980076,10368319488,868557384,1,935030784
1790419206708,10271,14379909120,10139980076,10368319488,868557384,1,935030784
1790419206958,10271,14379909120,10139980076,10368319488,868557384,1,935030784
1790419207208,10271,14379909120,10139980076,10368319488,868557384,1,935030784
1790419207458,10271,14379909120,10139980076,10368319488,868557384,1,935030784
1790419207708,10271,14379909120,10139980076,10368319488,868557384,1,935030784
1790419207958,10271,14379909120,10139980076,10368319488,868557384,1,935030784
1790419208208,10271,14379909120,10139980076,10368319488,868557384,1,935030784
1790419208458,10271,14379909120,10139980076,10368319488,868557384,1,935030784
1790419208708,10271,14379909120,10139980076,10368319488,868557384,1,935030784
1790419208958,10271,14379909120,10139980076,10368319488,868557384,1,935030784
1790419209208,10271,14379909120,10139980076,10368319488,868557384,1,935030784
1790419209458,10271,14379909120,10139980076,10368319488,868557384,1,935030784
1790419209708,10271,14379909120,10139980076,10368319488,868557384,1,935030784
1790419209958,10271,14379909120,10139980076,10368319488,868557384,1,935030784
1790419210208,10271,14379909120,10139980076,10368319488,868557384,1,935030784
1790419210458,10271,14379909120,10139980076,10368319488,868557384,1,935030784
1790419210708,10271,14379909120,10139980076,10368319488,868557384,1,935030784
1790419210958,10271,14379909120,10139980076,10368319488,868557384,1,935030784
1790419211208,10271,14379909120,10139980076,10368319488,868557384,1,935030784
1790419211458,10271,14379909120,10139980076,10368319488,868557384,1,935030784
1790419211708,10271,14379909120,10139980076,10368319488,868557384,1,935030784
1790419211958,10271,14379909120,10139980076,10368319488,868557384,1,935030784
1790419212208,10271,14379909120,10139980076,10368319488,868557384,1,935030784
1790419212458,10271,14379909120,10139980076,10368319488,868557384,1,935030784
1790419212708,10271,14379909120,10139980076,10368319488,868557384,1,935030784
1790419212958,10271,14379909120,10139980076,10368319488,868557384,1,935030784
1790419213208,10271,14379909120,10139980076,10368319488,868557384,1,935030784
1790419213458,10271,14379909120,10139980076,10368319488,868557384,1,935030784
1790419213708,10271,14379909120,10139980076,10368319488,868557384,1,935030784
1790419213958,10271,14379909120,10139980076,10368319488,868557384,1,935030784
1790419214208,10271,14379909120,10139980076,10368319488,868557384,1,935030784
1790419214458,10271,14379909120,10139980076,10368319488,868557384,1,935030784
1790419214708,10271,14379909120,10139980076,10368319488,868557384,1,935030784
1790419214958,10271,14379909120,10139980076,10368319488,868557384,1,935030784
1790419215208,10271,14379909120,10139980076,10368319488,868557384,1,935030784
1790419215458,10271,14379909120,10139980076,10368319488,868557384,1,935030784
1790419215708,10271,14379909120,10139980076,10368319488,868557384,1,935030784
1790419215958,10271,14379909120,10139980076,10368319488,868557384,1,935030784
1790419216208,10271,14379909120,10139980076,10368319488,868557384,1,935030784
1790419216458,10271,14379909120,10139980076,10368319488,868557384,1,935030784
1790419216708,10271,14379909120,10139980076,10368319488,868557384,1,935030784
1790419216958,10271,14379909120,10139980076,10368319488,868557384,1,935030784
1790419217208,10271,14379909120,10139980076,10368319488,868557384,1,935030784
1790419217458,10271,14379909120,10139980076,10368319488,868557384,1,935030784
1790419217708,10271,14379909120,10139980076,10368319488,868557384,1,935030784
1790419217958,10271,14379909120,10139980076,10368319488,868557384,1,935030784
1790419218208,10463,14379909120,9948251720,10368319488,0,0,935030784
1790419218458,10495,14379909120,9948251720,10368319488,0,0,935030784
1790419218708,10495,14379909120,9948251720,10368319488,0,0,935030784
1790419218958,10495,14379909120,9948251720,10368319488,0,0,935030784
1790419219208,10495,14379909120,9948251720,10368319488,0,0,935030784
1790419219458,10495,14379909120,9948251720,10368319488,0,0,935030784
1790419219708,10495,14379909120,9948251720,10368319488,0,0,935030784
1790419219958,10495,14379909120,9948251720,10368319488,0,0,935030784
1790419220208,10495,14379909120,9948251720,10368319488,0,0,935030784
1790419220458,10495,14379909120,9948251720,10368319488,0,0,935030784
1790419220708,10495,14379909120,9948251720,10368319488,0,0,935030784
1790419220958,10495,14379909120,9948251720,10368319488,0,0,935030784
1790419221208,10495,14379909120,9948251720,10368319488,0,0,935030784
1790419221458,10495,14379909120,9948251720,10368319488,0,0,935030784
1790419221708,10495,14379909120,9948251720,10368319488,0,0,935030784
1790419221958,10495,14379909120,9948251720,10368319488,0,0,935030784
1790419222208,10495,14379909120,9948251720,10368319488,0,0,935030784
1790419222458,10495,14379909120,9948251720,10368319488,0,0,935030784
1790419222708,10495,14379909120,9948251720,10368319488,0,0,935030784
1790419222958,10495,14379909120,9948251720,10368319488,0,0,935030784
1790419223208,10495,14379909120,9948251720,10368319488,0,0,935030784
1790419223458,10495,14379909120,9948251720,10368319488,0,0,935030784
1790419223708,10495,14379909120,9948251720,10368319488,0,0,935030784
1790419223958,10495,14379909120,9948251720,10368319488,0,0,935030784
1790419224208,10495,14379909120,9948251720,10368319488,0,0,935030784
1790419224458,10495,14145028096,10364755628,10603200512,875749256,1,1012326400
1790419224708,10495,14145028096,10364755628,10603200512,875749256,1,1012326400
1790419224958,10495,14145028096,10364755628,10603200512,875749256,1,1012326400
1790419225208,10495,14145028096,10364755628,10603200512,875749256,1,1012326400
1790419225458,10495,14145028096,10364755628,10603200512,875749256,1,1012326400
1790419225708,10495,14145028096,10364755628,10603200512,875749256,1,1012326400
1790419225958,10495,14145028096,10364755628,10603200512,875749256,1,1012326400
1790419226208,10495,14145028096,10364755628,10603200512,875749256,1,1012326400
1790419226458,10495,14145028096,10364755628,10603200512,875749256,1,1012326400
1790419226708,10495,14145028096,10364755628,10603200512,875749256,1,1012326400
1790419226958,10495,14145028096,10364755628,10603200512,875749256,1,1012326400
1790419227208,10495,14145028096,10364755628,10603200512,875749256,1,1012326400
1790419227469,10495,14145028096,10364755628,10603200512,875749256,1,1012326400
1790419227719,10495,14145028096,10364755628,10603200512,875749256,1,1012326400
1790419227969,10495,14145028096,10364755628,10603200512,875749256,1,1012326400
1790419228219,10495,14145028096,10364755628,10603200512,875749256,1,1012326400
1790419228469,10495,14145028096,10364755628,10603200512,875749256,1,1012326400
1790419228719,10495,14145028096,10364755628,10603200512,875749256,1,1012326400
1790419228969,10495,14145028096,10364755628,10603200512,875749256,1,1012326400
1790419229219,10495,14145028096,10364755628,10603200512,875749256,1,1012326400
1790419229469,10495,14145028096,10364755628,10603200512,875749256,1,1012326400
1790419229719,10495,14145028096,10364755628,10603200512,875749256,1,1012326400
1790419229969,10494,14145028096,10364755628,10603200512,875749256,1,1012326400
1790419230219,10494,14145028096,10364755628,10603200512,875749256,1,1012326400
1790419230469,10494,14145028096,10364755628,10603200512,875749256,1,1012326400
1790419230719,10494,14145290240,10364755628,10603200512,875749256,1,1012326400
1790419230969,10494,14145290240,10364755628,10603200512,875749256,1,1012326400
1790419231219,10494,14145290240,10364755628,10603200512,875749256,1,1012326400
1790419231469,10494,14145290240,10364755628,10603200512,875749256,1,1012326400
1790419231719,10494,14145290240,10364755628,10603200512,875749256,1,1012326400
1790419231969,10494,14145290240,10364755628,10603200512,875749256,1,1012326400
1790419232219,10494,14145290240,10364755628,10603200512,875749256,1,1012326400
1790419232469,10494,14145290240,10364755628,10603200512,875749256,1,1012326400
1790419232804,10494,14145290240,10364755628,10603200512,875749256,1,1012326400
1790419233054,10494,14145290240,10364755628,10603200512,875749256,1,1012326400
1790419233304,10494,14145290240,10364755628,10603200512,875749256,1,1012326400
1790419233554,10494,14145290240,10364755628,10603200512,875749256,1,1012326400
1790419233804,10494,14145290240,10364755628,10603200512,875749256,1,1012326400
1790419234054,10494,14145290240,10364755628,10603200512,875749256,1,1012326400
1790419234304,10494,14145290240,10364755628,10603200512,875749256,1,1012326400
1790419234554,10494,14145290240,10364755628,10603200512,875749256,1,1012326400
1790419234804,10494,14145290240,10364755628,10603200512,875749256,1,1012326400
1790419235054,10494,14145290240,10364755628,10603200512,875749256,1,1012326400
1790419235304,10494,14145290240,10364755628,10603200512,875749256,1,1012326400
1790419235554,10494,14145290240,10364755628,10603200512,875749256,1,1012326400
1790419235804,10494,14145290240,10364755628,10603200512,875749256,1,1012326400
1790419236054,10494,14145290240,10364755628,10603200512,875749256,1,1012326400
1790419236304,10494,14145290240,10364755628,10603200512,875749256,1,1012326400
1790419236554,10494,14145290240,10364755628,10603200512,875749256,1,1012326400
1790419236804,10494,14145290240,10364755628,10603200512,875749256,1,1012326400
1790419237054,10494,14145290240,10364755628,10603200512,875749256,1,1012326400
1790419237304,10494,14145290240,10364755628,10603200512,875749256,1,1012326400
1790419237554,10494,14145290240,10364755628,10603200512,875749256,1,1012326400
1790419237804,10494,14145290240,10364755628,10603200512,875749256,1,1012326400
1790419238054,10494,14145290240,10364755628,10603200512,875749256,1,1012326400
1790419238304,10494,14145290240,10364755628,10603200512,875749256,1,1012326400
1790419238554,10494,14145290240,10364755628,10603200512,875749256,1,1012326400
1790419238804,10494,14145290240,10364755628,10603200512,875749256,1,1012326400
1790419239054,10494,14145290240,10364755628,10603200512,875749256,1,1012326400
1790419239304,10494,14145290240,10364755628,10603200512,875749256,1,1012326400
1790419239554,10494,14145290240,10364755628,10603200512,875749256,1,1012326400
1790419239804,10494,14145290240,10364755628,10603200512,875749256,1,1012326400
1790419240054,10494,14145290240,10364755628,10603200512,875749256,1,1012326400
1790419240304,10494,14145290240,10364755628,10603200512,875749256,1,1012326400
1790419240554,10494,14145290240,10364755628,10603200512,875749256,1,1012326400
1790419240804,10494,14145290240,10364755628,10603200512,875749256,1,1012326400
1790419241054,10494,14145290240,10364755628,10603200512,875749256,1,1012326400
1790419241304,10494,14145290240,10364755628,10603200512,875749256,1,1012326400
1790419241554,10494,14145290240,10364755628,10603200512,875749256,1,1012326400
1790419241804,10494,14145290240,10364755628,10603200512,875749256,1,1012326400
1790419242054,10494,14145290240,10364755628,10603200512,875749256,1,1012326400
1790419242304,10494,14145290240,10026143432,10603200512,0,0,1012326400
1790419242554,10558,14145290240,10026143432,10603200512,0,0,1012326400
1790419242804,10558,14078181376,10442257580,10670309376,867864328,1,1089622016
1790419243054,10558,14078181376,10442257580,10670309376,867864328,1,1089622016
1790419243304,10558,14078181376,10442257580,10670309376,867864328,1,1089622016
1790419243554,10558,14078181376,10442257580,10670309376,867864328,1,1089622016
1790419243804,10558,14078181376,10442257580,10670309376,867864328,1,1089622016
1790419244054,10558,14078181376,10442257580,10670309376,867864328,1,1089622016
1790419244304,10558,14078181376,10442257580,10670309376,867864328,1,1089622016
1790419244554,10558,14078181376,10442257580,10670309376,867864328,1,1089622016
1790419244804,10558,14078181376,10442257580,10670309376,867864328,1,1089622016
1790419245054,10558,14078181376,10442257580,10670309376,867864328,1,1089622016
1790419245304,10558,14078181376,10442257580,10670309376,867864328,1,1089622016
1790419245554,10558,14078181376,10442257580,10670309376,867864328,1,1089622016
1790419245804,10558,14078181376,10442257580,10670309376,867864328,1,1089622016
1790419246054,10558,14078181376,10442257580,10670309376,867864328,1,1089622016
1790419246304,10558,14078181376,10442257580,10670309376,867864328,1,1089622016
1790419246554,10558,14078181376,10442257580,10670309376,867864328,1,1089622016
1790419246804,10558,14078181376,10442257580,10670309376,867864328,1,1089622016
1790419247054,10558,14078181376,10442257580,10670309376,867864328,1,1089622016
1790419247304,10558,14078181376,10442257580,10670309376,867864328,1,1089622016
1790419247554,10558,14078181376,10442257580,10670309376,867864328,1,1089622016
1790419247804,10558,14078181376,10442257580,10670309376,867864328,1,1089622016
1790419248054,10558,14078181376,10442257580,10670309376,867864328,1,1089622016
1790419248304,10558,14078181376,10442257580,10670309376,867864328,1,1089622016
1790419248554,10558,14078181376,10442257580,10670309376,867864328,1,1089622016
1790419248804,10558,14078181376,10442257580,10670309376,867864328,1,1089622016
1790419249054,10558,14078181376,10442257580,10670309376,867864328,1,1089622016
1790419249304,10558,14078181376,10442257580,10670309376,867864328,1,1089622016
1790419249554,10558,14078181376,10442257580,10670309376,867864328,1,1089622016
1790419249804,10558,14078181376,10442257580,10670309376,867864328,1,1089622016
1790419250054,10558,14078181376,10442257580,10670309376,867864328,1,1089622016
1790419250304,10558,14078181376,10442257580,10670309376,867864328,1,1089622016
1790419250554,10558,14078181376,10442257580,10670309376,867864328,1,1089622016
1790419250804,10558,14078181376,10442257580,10670309376,867864328,1,1089622016
1790419251054,10558,14078181376,10442257580,10670309376,867864328,1,1089622016
1790419251304,10558,14078181376,10442257580,10670309376,867864328,1,1089622016
1790419251554,10558,14078181376,10442257580,10670309376,867864328,1,1089622016
1790419251804,10558,14078181376,10442257580,10670309376,867864328,1,1089622016
1790419252054,10558,14078181376,10442257580,10670309376,867864328,1,1089622016
1790419252304,10558,14078181376,10442257580,10670309376,867864328,1,1089622016
1790419252554,10558,14078181376,10442257580,10670309376,867864328,1,1089622016
1790419252804,10558,14078181376,10442257580,10670309376,867864328,1,1089622016
1790419253054,10558,14078181376,10442257580,10670309376,867864328,1,1089622016
1790419253304,10558,14078181376,10442257580,10670309376,867864328,1,1089622016
1790419253554,10558,14078181376,10442257580,10670309376,867864328,1,1089622016
1790419253804,10558,14078181376,10442257580,10670309376,867864328,1,1089622016
1790419254054,10558,14078181376,10442257580,10670309376,867864328,1,1089622016
1790419254304,10558,14078181376,10442257580,10670309376,867864328,1,1089622016
1790419254554,10558,14078181376,10442257580,10670309376,867864328,1,1089622016
1790419254804,10558,14078181376,10442257580,10670309376,867864328,1,1089622016
1790419255054,10558,14078181376,10442257580,10670309376,867864328,1,1089622016
1790419255304,10558,14078181376,10442257580,10670309376,867864328,1,1089622016
1790419255554,10558,14078181376,10442257580,10670309376,867864328,1,1089622016
1790419255804,10558,14078181376,10442257580,10670309376,867864328,1,1089622016
1790419256054,10558,14078181376,10442257580,10670309376,867864328,1,1089622016
1790419256304,10558,14078181376,10442257580,10670309376,867864328,1,1089622016
1790419256554,10558,14078181376,10442257580,10670309376,867864328,1,1089622016
1790419256804,10558,14078181376,10442257580,10670309376,867864328,1,1089622016
1790419257054,10622,14078181376,10103385544,10670309376,0,0,1089622016
1790419257304,10654,14078181376,10103385544,10670309376,0,0,1089622016
1790419257554,10654,14078181376,10103385544,10670309376,0,0,1089622016
1790419257804,10654,14078181376,10103385544,10670309376,0,0,1089622016
1790419258054,10654,14078181376,10103385544,10670309376,0,0,1089622016
1790419258304,10654,14078181376,10103385544,10670309376,0,0,1089622016
1790419258554,10654,14078181376,10103385544,10670309376,0,0,1089622016
1790419258804,10654,14078181376,10103385544,10670309376,0,0,1089622016
1790419259054,10654,14078181376,10103385544,10670309376,0,0,1089622016
1790419259304,10654,14078181376,10103385544,10670309376,0,0,1089622016
1790419259554,10654,14078181376,10103385544,10670309376,0,0,1089622016
1790419259804,10654,14078181376,10103385544,10670309376,0,0,1089622016
1790419260054,10654,14078181376,10103385544,10670309376,0,0,1089622016
1790419260304,10654,14078181376,10103385544,10670309376,0,0,1089622016
1790419260554,10654,13977518080,10519388332,10770972672,865601416,1,1166917632
1790419260804,10654,13977518080,10519388332,10770972672,865601416,1,1166917632
1790419261054,10654,13977518080,10519388332,10770972672,865601416,1,1166917632
1790419261304,10654,13977518080,10519388332,10770972672,865601416,1,1166917632
1790419261554,10654,13977518080,10519388332,10770972672,865601416,1,1166917632
1790419261804,10654,13977518080,10519388332,10770972672,865601416,1,1166917632
1790419262054,10654,13977518080,10519388332,10770972672,865601416,1,1166917632
1790419262304,10654,13977518080,10519388332,10770972672,865601416,1,1166917632
1790419262554,10654,13977518080,10519388332,10770972672,865601416,1,1166917632
1790419262804,10654,13977518080,10519388332,10770972672,865601416,1,1166917632
1790419263054,10654,13977518080,10519388332,10770972672,865601416,1,1166917632
1790419263304,10654,13977518080,10519388332,10770972672,865601416,1,1166917632
1790419263554,10654,13977518080,10519388332,10770972672,865601416,1,1166917632
1790419263804,10654,13977518080,10519388332,10770972672,865601416,1,1166917632
1790419264054,10654,13977518080,10519388332,10770972672,865601416,1,1166917632
1790419264304,10654,13977518080,10519388332,10770972672,865601416,1,1166917632
1790419264554,10654,13977518080,10519388332,10770972672,865601416,1,1166917632
1790419264804,10654,13977518080,10519388332,10770972672,865601416,1,1166917632
1790419265054,10654,13977518080,10519388332,10770972672,865601416,1,1166917632
1790419265304,10654,13977518080,10519388332,10770972672,865601416,1,1166917632
1790419265554,10654,13977518080,10519388332,10770972672,865601416,1,1166917632
1790419265804,10654,13977518080,10519388332,10770972672,865601416,1,1166917632
1790419266054,10654,13977518080,10519388332,10770972672,865601416,1,1166917632
1790419266304,10654,13977518080,10519388332,10770972672,865601416,1,1166917632
1790419266554,10654,13977518080,10519388332,10770972672,865601416,1,1166917632
1790419266804,10654,13977518080,10519388332,10770972672,865601416,1,1166917632
1790419267054,10654,13977518080,10519388332,10770972672,865601416,1,1166917632
1790419267304,10654,13977518080,10519388332,10770972672,865601416,1,1166917632
1790419267554,10654,13977518080,10519388332,10770972672,865601416,1,1166917632
1790419267804,10654,13977518080,10519388332,10770972672,865601416,1,1166917632
1790419268054,10654,13977518080,10519388332,10770972672,865601416,1,1166917632
1790419268304,10654,13977518080,10519388332,10770972672,865601416,1,1166917632
1790419268554,10654,13977518080,10519388332,10770972672,865601416,1,1166917632
1790419268804,10654,13977518080,10519388332,10770972672,865601416,1,1166917632
1790419269054,10654,13977518080,10519388332,10770972672,865601416,1,1166917632
1790419269304,10654,13977518080,10519388332,10770972672,865601416,1,1166917632
1790419269554,10654,13977518080,10519388332,10770972672,865601416,1,1166917632
1790419269804,10654,13977518080,10519388332,10770972672,865601416,1,1166917632
1790419270054,10654,13977518080,10519388332,10770972672,865601416,1,1166917632
1790419270304,10654,13977518080,10519388332,10770972672,865601416,1,1166917632
1790419270554,10654,13977518080,10519388332,10770972672,865601416,1,1166917632
1790419270804,10654,13977518080,10519388332,10770972672,865601416,1,1166917632
1790419271054,10654,13977518080,10519388332,10770972672,865601416,1,1166917632
1790419271304,10654,13977518080,10519388332,10770972672,865601416,1,1166917632
1790419271554,10654,13977518080,10519388332,10770972672,865601416,1,1166917632
1790419271804,10654,13977518080,10519388332,10770972672,865601416,1,1166917632
1790419272054,10654,13977518080,10519388332,10770972672,865601416,1,1166917632
1790419272304,10654,13977518080,10519388332,10770972672,865601416,1,1166917632
1790419272554,10654,13977518080,10519388332,10770972672,865601416,1,1166917632
1790419272804,10654,13977518080,10519388332,10770972672,865601416,1,1166917632
1790419273054,10654,13977518080,10519388332,10770972672,865601416,1,1166917632
1790419273304,10654,13977518080,10519388332,10770972672,865601416,1,1166917632
1790419273554,10654,13977518080,10519388332,10770972672,865601416,1,1166917632
1790419273804,10654,13977518080,10519388332,10770972672,865601416,1,1166917632
1790419274054,10654,13977518080,10519388332,10770972672,865601416,1,1166917632
1790419274304,10654,13977518080,10519388332,10770972672,865601416,1,1166917632
1790419274554,10654,13977518080,10519388332,10770972672,865601416,1,1166917632
1790419274804,10654,13977518080,10519388332,10770972672,865601416,1,1166917632
1790419275054,10654,13977518080,10519388332,10770972672,865601416,1,1166917632
1790419275304,10655,13977518080,10519388332,10770972672,865601416,1,1166917632
1790419275554,10655,13977518080,10519388332,10770972672,865601416,1,1166917632
1790419275804,10655,13977518080,10519388332,10770972672,865601416,1,1166917632
1790419276054,10655,13977518080,10519388332,10770972672,865601416,1,1166917632
1790419276304,10655,13977518080,10519388332,10770972672,865601416,1,1166917632
1790419276554,10655,13977518080,10519388332,10770972672,865601416,1,1166917632
1790419276804,10655,13977518080,10519388332,10770972672,865601416,1,1166917632
1790419277054,10655,13977518080,10519388332,10770972672,865601416,1,1166917632
1790419277304,10655,13977518080,10519388332,10770972672,865601416,1,1166917632
1790419277554,10655,13977518080,10519388332,10770972672,865601416,1,1166917632
1790419277804,10655,13977518080,10519388332,10770972672,865601416,1,1166917632
1790419278054,10655,13977518080,10519388332,10770972672,865601416,1,1166917632
1790419278304,10655,13977255936,10519388332,10770972672,865601416,1,1166917632
1790419278554,10655,13977255936,10519388332,10770972672,865601416,1,1166917632
1790419278804,10655,13977255936,10519388332,10770972672,865601416,1,1166917632
1790419279054,10655,13977255936,10519388332,10770972672,865601416,1,1166917632
1790419279304,10655,13977255936,10519388332,10770972672,865601416,1,1166917632
1790419279554,10655,13977255936,10519388332,10770972672,865601416,1,1166917632
1790419279804,10655,13977255936,10519388332,10770972672,865601416,1,1166917632
1790419280054,10655,13977255936,10519388332,10770972672,865601416,1,1166917632
1790419280304,10655,13977255936,10519388332,10770972672,865601416,1,1166917632
1790419280554,10655,13977255936,10519388332,10770972672,865601416,1,1166917632
1790419280804,10655,13977255936,10519388332,10770972672,865601416,1,1166917632
1790419281054,10655,13977255936,10519388332,10770972672,865601416,1,1166917632
1790419281304,10655,13977255936,10519388332,10770972672,865601416,1,1166917632
1790419281554,10655,13977255936,10519388332,10770972672,865601416,1,1166917632
1790419281804,10655,13977255936,10519388332,10770972672,865601416,1,1166917632
1790419282054,10655,13977255936,10519388332,10770972672,865601416,1,1166917632
1790419282304,10655,13977255936,10180163656,10770972672,0,0,1166917632
1790419282554,10655,13977255936,10180163656,10770972672,0,0,1166917632
1790419282804,10655,13977255936,10180163656,10770972672,0,0,1166917632
1790419283054,10655,13977255936,10180163656,10770972672,0,0,1166917632
1790419283304,10655,13977255936,10180163656,10770972672,0,0,1166917632
1790419283554,10655,13977255936,10180163656,10770972672,0,0,1166917632
1790419283804,10655,13977255936,10180163656,10770972672,0,0,1166917632
1790419284054,10655,13977255936,10180163656,10770972672,0,0,1166917632
1790419284304,10655,13977255936,10180163656,10770972672,0,0,1166917632
1790419284554,10655,13977255936,10180163656,10770972672,0,0,1166917632
1790419284804,10655,13977255936,10180163656,10770972672,0,0,1166917632
1790419285054,10655,13977255936,10180163656,10770972672,0,0,1166917632
1790419285304,10719,13977255936,10180163656,10770972672,0,0,1166917632
1790419285554,14655,13977255936,10180163656,10770972672,0,0,1166917632
1790419285804,21023,13977255936,10180163656,10770972672,0,0,1166917632
1790419286054,21023,13977255936,10180163656,10770972672,0,0,1166917632
1790419286304,21023,13977255936,10180163656,10770972672,0,0,1166917632
1790419286554,21023,13977255936,10180163656,10770972672,0,0,1166917632
1790419286804,21023,13977255936,10180163656,10770972672,0,0,1166917632
1790419287054,21023,13977255936,10180163656,10770972672,0,0,1166917632
1790419287304,21023,13977255936,10180163656,10770972672,0,0,1166917632
1790419287554,21023,13977255936,10180163656,10770972672,0,0,1166917632
1790419287804,21023,13977255936,10180163656,10770972672,0,0,1166917632
1790419288054,21023,13977255936,10180163656,10770972672,0,0,1166917632
1790419288304,21023,13977255936,10180163656,10770972672,0,0,1166917632
1790419288554,21023,13977255936,10180163656,10770972672,0,0,1166917632
1790419288804,21023,13977255936,10180163656,10770972672,0,0,1166917632
1790419289054,21023,13977255936,10180163656,10770972672,0,0,1166917632
1790419289304,21023,13977255936,10180163656,10770972672,0,0,1166917632
1790419289554,21023,13977255936,10180163656,10770972672,0,0,1166917632
1790419289804,21023,13977255936,10180163656,10770972672,0,0,1166917632
1790419290054,21023,13977255936,10180163656,10770972672,0,0,1166917632
1790419290304,21023,13977255936,10180163656,10770972672,0,0,1166917632
1790419290554,21023,13977255936,10180163656,10770972672,0,0,1166917632
1790419290804,21023,13977255936,10180163656,10770972672,0,0,1166917632
1790419291054,21023,13977255936,10180163656,10770972672,0,0,1166917632
1790419291304,21023,13977255936,10180163656,10770972672,0,0,1166917632
1790419291554,21023,13977255936,10180163656,10770972672,0,0,1166917632
1790419291804,21023,13977255936,10180163656,10770972672,0,0,1166917632
1790419292054,21023,13977255936,10180163656,10770972672,0,0,1166917632
1790419292304,21023,13977255936,10180163656,10770972672,0,0,1166917632
1790419292554,21023,13977255936,10180163656,10770972672,0,0,1166917632
1790419292804,21023,13977255936,10180163656,10770972672,0,0,1166917632
1790419293054,21023,13977255936,10180163656,10770972672,0,0,1166917632
1790419293304,21023,13977255936,10180163656,10770972672,0,0,1166917632
1790419293554,21023,13977255936,10180163656,10770972672,0,0,1166917632
1790419293804,21023,13977255936,10180163656,10770972672,0,0,1166917632
1790419294054,21023,13977255936,10180163656,10770972672,0,0,1166917632
1790419294304,21023,13977255936,10180163656,10770972672,0,0,1166917632
1790419294554,21023,13977255936,10180163656,10770972672,0,0,1166917632
1790419294804,21023,13977255936,10180163656,10770972672,0,0,1166917632
1790419295054,21023,13977255936,10180163656,10770972672,0,0,1166917632
1790419295304,21023,13977255936,10180163656,10770972672,0,0,1166917632
1790419295554,21023,13977255936,10180163656,10770972672,0,0,1166917632
1790419295804,21023,13977255936,10180163656,10770972672,0,0,1166917632
1790419296054,21023,13977255936,10180163656,10770972672,0,0,1166917632
1790419296304,21023,13977255936,10180163656,10770972672,0,0,1166917632
1790419296554,21023,13977255936,10180163656,10770972672,0,0,1166917632
1790419296804,21023,13977255936,10180163656,10770972672,0,0,1166917632
1790419297054,21023,13977255936,10180163656,10770972672,0,0,1166917632
1790419297304,20959,13977255936,10180163656,10770972672,0,0,1166917632
1790419297554,20959,13977255936,10180163656,10770972672,0,0,1166917632
1790419297804,20959,13977255936,10180163656,10770972672,0,0,1166917632
1790419298054,21055,13977255936,10180163656,10770972672,0,0,1166917632
1790419298304,21183,13977255936,10180163656,10770972672,0,0,1166917632
1790419298554,21535,13977255936,10180163656,10770972672,0,0,1166917632
1790419298804,21823,13977255936,10180163656,10770972672,0,0,1166917632
1790419299054,22143,13977255936,10180163656,10770972672,0,0,1166917632
1790419299304,22495,13977255936,10180163656,10770972672,0,0,1166917632
1790419299554,22719,13977255936,10180163656,10770972672,0,0,1166917632
1790419299804,23071,13977255936,10180163656,10770972672,0,0,1166917632
1790419300054,23327,13977255936,10180163656,10770972672,0,0,1166917632
1790419300304,23487,13977255936,10180163656,10770972672,0,0,1166917632
1790419300554,23615,13977255936,10180163656,10770972672,0,0,1166917632
1790419300804,23743,13977255936,10180163656,10770972672,0,0,1166917632
1790419301054,23871,13977255936,10180163656,10770972672,0,0,1166917632
1790419301304,23967,790364160,22888977596,23991418880,31969947944,43,1009926144
1790419301554,23135,790364160,22888977596,23991418880,31969947944,43,1009926144
1790419301804,23135,790364160,22888977596,23991418880,31969947944,43,1009926144
1790419302054,23167,790364160,22888977596,23991418880,31969947944,43,1009926144
1790419302304,23167,790364160,22888977596,23991418880,31969947944,43,1009926144
1790419302554,23167,790364160,22888977596,23991418880,31969947944,43,1009926144
1790419302804,23135,790364160,22888977596,23991418880,31969947944,43,1009926144
1790419303054,23135,790364160,22888977596,23991418880,31969947944,43,1009926144
1790419303304,23135,891027456,22552695076,23890755584,33458563096,45,0
1790419303554,23135,891027456,22552695076,23890755584,33458563096,45,0
1790419303804,23135,891027456,22552695076,23890755584,33458563096,45,0
1790419304054,23135,891027456,22552695076,23890755584,33458563096,45,0
1790419304304,23135,891027456,22552695076,23890755584,33458563096,45,0
1790419304554,23135,891027456,22552695076,23890755584,33458563096,45,0
1790419304804,23135,891027456,22552695076,23890755584,33458563096,45,0
1790419305054,23135,891027456,22552695076,23890755584,33458563096,45,0
1790419305304,23135,891027456,22552695076,23890755584,33458563096,45,0
1790419305554,23135,891027456,22552695076,23890755584,33458563096,45,0
1790419305804,23135,891027456,22552695076,23890755584,33458563096,45,0
1790419306054,23135,891027456,22552695076,23890755584,33458563096,45,0
1790419306304,23135,891027456,22552695076,23890755584,33458563096,45,0
1790419306554,23135,891027456,22552695076,23890755584,33458563096,45,0
1790419306804,23135,891027456,22552695076,23890755584,33458563096,45,0
1790419307054,23135,891027456,22552695076,23890755584,33458563096,45,0
1790419307304,23135,891027456,22552695076,23890755584,33458563096,45,0
1790419307554,23135,891027456,22552695076,23890755584,33458563096,45,0
1790419307804,23135,891027456,22552695076,23890755584,33458563096,45,0
1790419308054,23135,891027456,22552695076,23890755584,33458563096,45,0
1790419308304,23135,891027456,22552695076,23890755584,33458563096,45,0
1790419308554,23135,891027456,22552695076,23890755584,33458563096,45,0
1790419308804,23135,891027456,22552695076,23890755584,33458563096,45,0
1790419309054,23135,891027456,22552695076,23890755584,33458563096,45,0
1790419309304,23135,891027456,22552695076,23890755584,33458563096,45,0
1790419309554,23135,891027456,22552695076,23890755584,33458563096,45,0
1790419309804,23135,891027456,22552695076,23890755584,33458563096,45,0
1790419310054,23135,891027456,22552695076,23890755584,33458563096,45,0
1790419310304,23135,891027456,22552695076,23890755584,33458563096,45,0
1790419310554,23135,891027456,22552695076,23890755584,33458563096,45,0
1790419310804,23135,891027456,22552695076,23890755584,33458563096,45,0
1790419311054,23135,891027456,22552695076,23890755584,33458563096,45,0
1790419311304,23135,891027456,22552695076,23890755584,33458563096,45,0
1790419311554,23135,891027456,22552695076,23890755584,33458563096,45,0
1790419311804,23135,891027456,22552695076,23890755584,33458563096,45,0
1790419312054,23135,891027456,22552695076,23890755584,33458563096,45,0
1790419312304,23135,891027456,22552695076,23890755584,33458563096,45,0
1790419312554,23135,891027456,22552695076,23890755584,33458563096,45,0
1790419312804,23135,891027456,22552695076,23890755584,33458563096,45,0
1790419313054,23135,891027456,22552695076,23890755584,33458563096,45,0
1790419313304,23135,891027456,22552695076,23890755584,33458563096,45,0
1790419313554,23135,891027456,22552695076,23890755584,33458563096,45,0
1790419313804,23135,891027456,22552695076,23890755584,33458563096,45,0
1790419314054,23135,891027456,22552695076,23890755584,33458563096,45,0
1790419314304,23135,891027456,22552695076,23890755584,33458563096,45,0
1790419314554,23135,891027456,22552695076,23890755584,33458563096,45,0
1790419314804,23135,891027456,22552695076,23890755584,33458563096,45,0
1790419315054,23135,891027456,22552695076,23890755584,33458563096,45,0
1790419315304,23135,891027456,22552695076,23890755584,33458563096,45,0
1790419315554,23135,891027456,22552695076,23890755584,33458563096,45,0
1790419315804,23135,891027456,22552695076,23890755584,33458563096,45,0
1790419316054,23135,891027456,22552695076,23890755584,33458563096,45,0
1790419316304,23135,891027456,22552695076,23890755584,33458563096,45,0
1790419316554,23135,891027456,22552695076,23890755584,33458563096,45,0
1790419316804,23135,891027456,22552695076,23890755584,33458563096,45,0
1790419317054,23135,891027456,22552695076,23890755584,33458563096,45,0
1790419317304,23135,891027456,22552695076,23890755584,33458563096,45,0
1790419317554,23135,891027456,22552695076,23890755584,33458563096,45,0
1790419317804,23135,891027456,22552695076,23890755584,33458563096,45,0
1790419318054,23135,891027456,22552695076,23890755584,33458563096,45,0
1790419318304,23135,891027456,22552695076,23890755584,33458563096,45,0
1790419318554,23135,891027456,22552695076,23890755584,33458563096,45,0
1790419318804,23135,891027456,22552695076,23890755584,33458563096,45,0
1790419319054,23135,891027456,22552695076,23890755584,33458563096,45,0
1790419319304,23135,891027456,22552695076,23890755584,33458563096,45,0
1790419319554,23135,891027456,22552695076,23890755584,33458563096,45,0
1790419319804,23135,891027456,22552695076,23890755584,33458563096,45,0
1790419320054,23135,891027456,22552695076,23890755584,33458563096,45,0
1790419320304,23135,891027456,22552695076,23890755584,33458563096,45,0
1790419320554,23135,891027456,22552695076,23890755584,33458563096,45,0
1790419320804,23135,891027456,22552695076,23890755584,33458563096,45,0
1790419321054,23135,891027456,22552695076,23890755584,33458563096,45,0
1790419321304,23135,891027456,22552695076,23890755584,33458563096,45,0
1790419321554,23135,891027456,22552695076,23890755584,33458563096,45,0
1790419321804,23135,891027456,22552695076,23890755584,33458563096,45,0
1790419322054,23135,891027456,22552695076,23890755584,33458563096,45,0
1790419322304,23135,891027456,22552695076,23890755584,33458563096,45,0
1790419322554,23135,891027456,22552695076,23890755584,33458563096,45,0
1790419322804,23135,891027456,22552695076,23890755584,33458563096,45,0
1790419323054,23135,891027456,22552695076,23890755584,33458563096,45,0
1790419323304,23135,891027456,22552695076,23890755584,33458563096,45,0
1790419323554,23135,891027456,22552695076,23890755584,33458563096,45,0
1790419323804,23135,891027456,22552695076,23890755584,33458563096,45,0
1790419324054,23135,891027456,22552695076,23890755584,33458563096,45,0
1790419324304,23135,891027456,22552695076,23890755584,33458563096,45,0
1790419324554,23135,891027456,22552695076,23890755584,33458563096,45,0
1790419324804,23135,891027456,22552695076,23890755584,33458563096,45,0
1790419325054,23135,891027456,22552695076,23890755584,33458563096,45,0
1790419325304,23135,891027456,22552695076,23890755584,33458563096,45,0
1790419325554,23135,891027456,22552695076,23890755584,33458563096,45,0
1790419325804,23135,891027456,22552695076,23890755584,33458563096,45,0
1790419326054,23135,891027456,22552695076,23890755584,33458563096,45,0
1790419326304,23135,891027456,22552695076,23890755584,33458563096,45,0
1790419326554,23135,891027456,22552695076,23890755584,33458563096,45,0
1790419326804,23135,891027456,22552695076,23890755584,33458563096,45,0
1790419327054,23135,891027456,22552695076,23890755584,33458563096,45,0
1790419327304,23135,891027456,22552695076,23890755584,33458563096,45,0
1790419327554,23135,891027456,22552695076,23890755584,33458563096,45,0
1790419327804,23135,891027456,22552695076,23890755584,33458563096,45,0
1790419328054,23135,891027456,22552695076,23890755584,33458563096,45,0
1790419328304,23135,891027456,22552695076,23890755584,33458563096,45,0
1790419328554,23135,891027456,22552695076,23890755584,33458563096,45,0
1790419328804,23135,891027456,22552695076,23890755584,33458563096,45,0
1790419329054,23135,891027456,22552695076,23890755584,33458563096,45,0
1790419329304,23135,891027456,22552695076,23890755584,33458563096,45,0
1790419329554,23135,891027456,22552695076,23890755584,33458563096,45,0
1790419329804,23135,891027456,22552695076,23890755584,33458563096,45,0
1790419330054,23135,891027456,22552695076,23890755584,33458563096,45,0
1790419330304,23135,891027456,22552695076,23890755584,33458563096,45,0
1790419330554,23135,891027456,22552695076,23890755584,33458563096,45,0
1790419330804,23135,891027456,22552695076,23890755584,33458563096,45,0
1790419331054,23135,891027456,22552695076,23890755584,33458563096,45,0
1790419331304,23135,891027456,22552695076,23890755584,33458563096,45,0
1790419331554,23135,891027456,22552695076,23890755584,33458563096,45,0
1790419331804,23135,891027456,22552695076,23890755584,33458563096,45,0
1790419332054,23135,891027456,22552695076,23890755584,33458563096,45,0
1790419332304,23135,891027456,22552695076,23890755584,33458563096,45,0
1790419332554,23135,891027456,22552695076,23890755584,33458563096,45,0
1790419332804,23135,891027456,22552695076,23890755584,33458563096,45,0
1790419333054,23135,891027456,22552695076,23890755584,33458563096,45,0
1790419333304,23135,891027456,22552695076,23890755584,33458563096,45,0
1790419333554,23135,891027456,22552695076,23890755584,33458563096,45,0
1790419333804,23135,891027456,22552695076,23890755584,33458563096,45,0
1790419334054,23135,891027456,22552695076,23890755584,33458563096,45,0
1790419334304,23135,891027456,22552695076,23890755584,33458563096,45,0
1790419334554,23135,891027456,22552695076,23890755584,33458563096,45,0
1790419334804,23135,891027456,22552695076,23890755584,33458563096,45,0
1790419335054,23135,891027456,22552695076,23890755584,33458563096,45,0
1790419335304,23135,891027456,22552695076,23890755584,33458563096,45,0
1790419335554,23135,891027456,22552695076,23890755584,33458563096,45,0
1790419335804,23135,891027456,22552695076,23890755584,33458563096,45,0
1790419336054,23135,891027456,22552695076,23890755584,33458563096,45,0
1790419336304,23135,891027456,22552695076,23890755584,33458563096,45,0
1790419336554,23135,891027456,22552695076,23890755584,33458563096,45,0
1790419336804,23135,891027456,22552695076,23890755584,33458563096,45,0
1790419337054,23135,891027456,22552695076,23890755584,33458563096,45,0
1790419337304,23135,891027456,22552695076,23890755584,33458563096,45,0
1790419337554,23135,891027456,22552695076,23890755584,33458563096,45,0
1790419337804,23135,891027456,22552695076,23890755584,33458563096,45,0
1790419338054,23135,891027456,22552695076,23890755584,33458563096,45,0
1790419338304,23135,891027456,22552695076,23890755584,33458563096,45,0
1790419338554,23135,891027456,22552695076,23890755584,33458563096,45,0
1790419338804,23135,891027456,22552695076,23890755584,33458563096,45,0
1790419339054,23135,891027456,22552695076,23890755584,33458563096,45,0
1790419339304,23135,891027456,22552695076,23890755584,33458563096,45,0
1790419339554,23135,891027456,22552695076,23890755584,33458563096,45,0
1790419339804,23135,891027456,22552695076,23890755584,33458563096,45,0
1790419340054,23135,891027456,22552695076,23890755584,33458563096,45,0
1790419340304,23135,891027456,22552695076,23890755584,33458563096,45,0
1790419340554,23135,891027456,22552695076,23890755584,33458563096,45,0
1790419340804,23135,891027456,22552695076,23890755584,33458563096,45,0
1790419341054,23135,891027456,22552695076,23890755584,33458563096,45,0
1790419341304,23135,891027456,22552695076,23890755584,33458563096,45,0
1790419341554,23135,891027456,22552695076,23890755584,33458563096,45,0
1790419341804,23135,891027456,22552695076,23890755584,33458563096,45,0
1790419342054,23135,891027456,22552695076,23890755584,33458563096,45,0
1790419342304,23135,891027456,22552695076,23890755584,33458563096,45,0
1790419342554,23135,891027456,22552695076,23890755584,33458563096,45,0
1790419342804,23135,891027456,22552695076,23890755584,33458563096,45,0
1790419343054,23135,891027456,22552695076,23890755584,33458563096,45,0
1790419343304,23135,891027456,22552695076,23890755584,33458563096,45,0
1790419343554,23135,891027456,22552695076,23890755584,33458563096,45,0
1790419343804,23135,891027456,22552695076,23890755584,33458563096,45,0
1790419344054,23135,891027456,22552695076,23890755584,33458563096,45,0
1790419344304,23135,891027456,22552695076,23890755584,33458563096,45,0
1790419344554,23135,891027456,22552695076,23890755584,33458563096,45,0
1790419344804,23135,891027456,22552695076,23890755584,33458563096,45,0
1790419345054,23135,891027456,22552695076,23890755584,33458563096,45,0
1790419345304,23135,891027456,22552695076,23890755584,33458563096,45,0
1790419345554,23135,891027456,22552695076,23890755584,33458563096,45,0
1790419345804,23135,891027456,22552695076,23890755584,33458563096,45,0
1790419346054,23135,891027456,22552695076,23890755584,33458563096,45,0
1790419346304,23135,891027456,22552695076,23890755584,33458563096,45,0
1790419346554,23135,891027456,22552695076,23890755584,33458563096,45,0
1790419346804,23135,891027456,22552695076,23890755584,33458563096,45,0
1790419347054,23135,891027456,22552695076,23890755584,33458563096,45,0
1790419347304,23135,891027456,22552695076,23890755584,33458563096,45,0
1790419347554,23135,891027456,22552695076,23890755584,33458563096,45,0
1790419347804,23135,891027456,22552695076,23890755584,33458563096,45,0
1790419348054,23135,891027456,22552695076,23890755584,33458563096,45,0
1790419348304,23135,891027456,22552695076,23890755584,33458563096,45,0
1790419348554,23135,891027456,22552695076,23890755584,33458563096,45,0
1790419348804,23135,891027456,22552695076,23890755584,33458563096,45,0
1790419349054,23135,891027456,22552695076,23890755584,33458563096,45,0
1790419349304,23135,891027456,22552695076,23890755584,33458563096,45,0
1790419349554,23135,891027456,22552695076,23890755584,33458563096,45,0
1790419349804,23135,891027456,22552695076,23890755584,33458563096,45,0
1790419350054,23135,891027456,22552695076,23890755584,33458563096,45,0
1790419350304,23135,891027456,22552695076,23890755584,33458563096,45,0
1790419350554,23135,891027456,22552695076,23890755584,33458563096,45,0
1790419350804,23135,891027456,22552695076,23890755584,33458563096,45,0
1790419351054,23135,891027456,22552695076,23890755584,33458563096,45,0
1790419351304,23135,891027456,22552695076,23890755584,33458563096,45,0
1790419351554,23135,891027456,22552695076,23890755584,33458563096,45,0
1790419351804,23135,891027456,22552695076,23890755584,33458563096,45,0
1790419352054,23135,891027456,22552695076,23890755584,33458563096,45,0
1790419352304,23135,891027456,22552695076,23890755584,33458563096,45,0
1790419352554,23135,891027456,22552695076,23890755584,33458563096,45,0
1790419352804,23135,891027456,22552695076,23890755584,33458563096,45,0
1790419353054,23135,891027456,22552695076,23890755584,33458563096,45,0
1790419353304,23135,891027456,22552695076,23890755584,33458563096,45,0
1790419353554,23135,891027456,22552695076,23890755584,33458563096,45,0
1790419353804,23135,891027456,22552695076,23890755584,33458563096,45,0
1790419354054,23135,891027456,22552695076,23890755584,33458563096,45,0
1790419354304,23135,891027456,22552695076,23890755584,33458563096,45,0
1790419354554,23135,891027456,22552695076,23890755584,33458563096,45,0
1790419354804,23135,891027456,22552695076,23890755584,33458563096,45,0
1790419355054,23135,891027456,22552695076,23890755584,33458563096,45,0
1790419355304,23135,891027456,22552695076,23890755584,33458563096,45,0
1790419355554,23135,891027456,22552695076,23890755584,33458563096,45,0
1790419355804,23135,891027456,22552695076,23890755584,33458563096,45,0
1790419356054,23135,891027456,22552695076,23890755584,33458563096,45,0
1790419356304,23135,891027456,22552695076,23890755584,33458563096,45,0
1790419356554,23135,891027456,22552695076,23890755584,33458563096,45,0
1790419356804,23135,891027456,22552695076,23890755584,33458563096,45,0
1790419357054,23135,891027456,22552695076,23890755584,33458563096,45,0
1790419357304,23135,891027456,22552695076,23890755584,33458563096,45,0
1790419357554,23135,891027456,22552695076,23890755584,33458563096,45,0
1790419357804,23135,891027456,22552695076,23890755584,33458563096,45,0
1790419358054,23135,891027456,22552695076,23890755584,33458563096,45,0
1790419358304,23135,891027456,22552695076,23890755584,33458563096,45,0
1790419358554,23135,891027456,22552695076,23890755584,33458563096,45,0
1790419358804,23135,891027456,22552695076,23890755584,33458563096,45,0
1790419359054,23135,891027456,22552695076,23890755584,33458563096,45,0
1790419359304,23135,891027456,22552695076,23890755584,33458563096,45,0
1790419359554,23135,891027456,22552695076,23890755584,33458563096,45,0
1790419359804,23135,891027456,22552695076,23890755584,33458563096,45,0
1790419360054,23135,891027456,22552695076,23890755584,33458563096,45,0
1790419360304,23135,891027456,22552695076,23890755584,33458563096,45,0
1790419360554,23135,891027456,22552695076,23890755584,33458563096,45,0
1790419360804,23135,891027456,22552695076,23890755584,33458563096,45,0
1790419361054,23135,891027456,22552695076,23890755584,33458563096,45,0
1790419361304,23135,891027456,22552695076,23890755584,33458563096,45,0
1790419361554,23135,891027456,22552695076,23890755584,33458563096,45,0
1790419361804,23135,891027456,22552695076,23890755584,33458563096,45,0
1790419362054,23135,891027456,22552695076,23890755584,33458563096,45,0
1790419362304,23135,891027456,22552695076,23890755584,33458563096,45,0
1790419362554,23135,891027456,22552695076,23890755584,33458563096,45,0
1790419362804,23135,891027456,22552695076,23890755584,33458563096,45,0
1790419363054,23135,891027456,22552695076,23890755584,33458563096,45,0
1790419363304,23135,891027456,22552695076,23890755584,33458563096,45,0
1790419363554,23135,891027456,22552695076,23890755584,33458563096,45,0
1790419363804,23135,891027456,22552695076,23890755584,33458563096,45,0
1790419364054,23135,891027456,22552695076,23890755584,33458563096,45,0
1790419364304,23135,891027456,22552695076,23890755584,33458563096,45,0
1790419364554,23135,891027456,22552695076,23890755584,33458563096,45,0
1790419364804,23135,891027456,22552695076,23890755584,33458563096,45,0
1790419365054,23135,891027456,22552695076,23890755584,33458563096,45,0
1790419365304,23135,891027456,22552695076,23890755584,33458563096,45,0
1790419365554,23135,891027456,22552695076,23890755584,33458563096,45,0
1790419365804,23135,891027456,22552695076,23890755584,33458563096,45,0
1790419366054,23135,891027456,22552695076,23890755584,33458563096,45,0
1790419366304,23135,891027456,22552695076,23890755584,33458563096,45,0
1790419366554,23135,891027456,22552695076,23890755584,33458563096,45,0
1790419366804,23135,891027456,22552695076,23890755584,33458563096,45,0
1790419367054,23135,891027456,22552695076,23890755584,33458563096,45,0
1790419367304,23135,891027456,22552695076,23890755584,33458563096,45,0
1790419367554,23135,891027456,22552695076,23890755584,33458563096,45,0
1790419367804,23135,891027456,22552695076,23890755584,33458563096,45,0
1790419368054,23135,891027456,22552695076,23890755584,33458563096,45,0
1790419368304,23135,891027456,22552695076,23890755584,33458563096,45,0
1790419368554,23135,891027456,22552695076,23890755584,33458563096,45,0
1790419368804,23135,891027456,22552695076,23890755584,33458563096,45,0
1790419369054,23135,891027456,22552695076,23890755584,33458563096,45,0
1790419369304,23135,891027456,22552695076,23890755584,33458563096,45,0
1790419369554,23135,891027456,22552695076,23890755584,33458563096,45,0
1790419369804,23135,891027456,22552695076,23890755584,33458563096,45,0
1790419370054,23135,891027456,22552695076,23890755584,33458563096,45,0
1790419370304,23135,891027456,22552695076,23890755584,33458563096,45,0
1790419370554,23135,891027456,22552695076,23890755584,33458563096,45,0
1790419370804,23135,891027456,22552695076,23890755584,33458563096,45,0
1790419371054,23135,891027456,22569867556,23890755584,33458563096,45,0
1790419371304,23135,891027456,22569867556,23890755584,33458563096,45,0
1790419371554,23135,891027456,22569867556,23890755584,33458563096,45,0
1790419371804,23135,891027456,22569867556,23890755584,33458563096,45,0
1790419372054,23135,891027456,22569867556,23890755584,33458563096,45,0
1790419372304,23135,891027456,22569867556,23890755584,33458563096,45,0
1790419372554,23135,891027456,22569867556,23890755584,33458563096,45,0
1790419372804,23135,891027456,22569867556,23890755584,33458563096,45,0
1790419373054,23135,891027456,22569867556,23890755584,33458563096,45,0
1790419373304,23135,891027456,22569867556,23890755584,33458563096,45,0
1790419373554,23135,891027456,22569867556,23890755584,33458563096,45,0
1790419373804,23135,891027456,22569867556,23890755584,33458563096,45,0
1790419374054,23135,891027456,22569867556,23890755584,33458563096,45,0
1790419374304,23135,891027456,22569867556,23890755584,33458563096,45,0
1790419374554,23135,891027456,22569867556,23890755584,33458563096,45,0
1790419374804,23135,891027456,22569867556,23890755584,33458563096,45,0
1790419375054,23135,891027456,22569867556,23890755584,33458563096,45,0
1790419375304,23135,891027456,22569867556,23890755584,33458563096,45,0
1790419375554,23135,891027456,22569867556,23890755584,33458563096,45,0
1790419375804,23135,891027456,22569867556,23890755584,33458563096,45,0
1790419376054,23135,891027456,22569867556,23890755584,33458563096,45,0
1790419376304,23135,891027456,22569867556,23890755584,33458563096,45,0
1790419376554,23135,891027456,22569867556,23890755584,33458563096,45,0
1790419376804,23135,891027456,22569867556,23890755584,33458563096,45,0
1790419377054,23135,891027456,22569867556,23890755584,33458563096,45,0
1790419377304,23135,891027456,22569867556,23890755584,33458563096,45,0
1790419377554,23135,891027456,22569867556,23890755584,33458563096,45,0
1790419377804,23135,891027456,22569867556,23890755584,33458563096,45,0
1790419378054,23135,891027456,22569867556,23890755584,33458563096,45,0
1790419378304,23135,891027456,22569867556,23890755584,33458563096,45,0
1790419378554,23135,891027456,22569867556,23890755584,33458563096,45,0
1790419378804,23135,891027456,22569867556,23890755584,33458563096,45,0
1790419379054,23135,891027456,22569867556,23890755584,33458563096,45,0
1790419379304,23135,891027456,22569867556,23890755584,33458563096,45,0
1790419379554,23135,891027456,22569867556,23890755584,33458563096,45,0
1790419379804,23135,891027456,22569867556,23890755584,33458563096,45,0
1790419380054,23135,891027456,22569867556,23890755584,33458563096,45,0
1790419380304,23135,891027456,22569867556,23890755584,33458563096,45,0
1790419380554,23135,891027456,22569867556,23890755584,33458563096,45,0
1790419380804,23135,891027456,22569867556,23890755584,33458563096,45,0
1790419381054,23135,891027456,22569867556,23890755584,33458563096,45,0
1790419381304,23135,891027456,22569867556,23890755584,33458563096,45,0
1790419381554,23135,891027456,22569867556,23890755584,33458563096,45,0
1790419381804,23135,891027456,22569867556,23890755584,33458563096,45,0
1790419382054,23135,891027456,22569867556,23890755584,33458563096,45,0
1790419382304,23135,891027456,22569867556,23890755584,33458563096,45,0
1790419382554,23135,891027456,22569867556,23890755584,33458563096,45,0
1790419382804,23135,891027456,22569867556,23890755584,33458563096,45,0
1790419383054,23135,891027456,22569867556,23890755584,33458563096,45,0
1790419383304,23135,891027456,22569867556,23890755584,33458563096,45,0
1790419383554,23135,891027456,22569867556,23890755584,33458563096,45,0
1790419383804,23135,891027456,22569867556,23890755584,33458563096,45,0
1790419384054,23135,891027456,22569867556,23890755584,33458563096,45,0
1790419384304,23135,891027456,22569867556,23890755584,33458563096,45,0
1790419384554,23135,891027456,22569867556,23890755584,33458563096,45,0
1790419384804,23135,891027456,22569867556,23890755584,33458563096,45,0
1790419385054,23135,891027456,22569867556,23890755584,33458563096,45,0
1790419385304,23135,891027456,22569867556,23890755584,33458563096,45,0
1790419385554,23135,891027456,22569867556,23890755584,33458563096,45,0
1790419385804,23135,891027456,22569867556,23890755584,33458563096,45,0
1790419386054,23135,891027456,22569867556,23890755584,33458563096,45,0
1790419386304,23135,891027456,22569867556,23890755584,33458563096,45,0
1790419386554,23135,891027456,22569867556,23890755584,33458563096,45,0
1790419386804,23135,891027456,22569867556,23890755584,33458563096,45,0
1790419387054,23135,891027456,22569867556,23890755584,33458563096,45,0
1790419387304,23135,891027456,22569867556,23890755584,33458563096,45,0
1790419387554,23135,891027456,22569867556,23890755584,33458563096,45,0
1790419387804,23135,891027456,22569867556,23890755584,33458563096,45,0
1790419388054,23135,891027456,22569867556,23890755584,33458563096,45,0
1790419388304,23135,891027456,22569867556,23890755584,33458563096,45,0
1790419388554,23135,891027456,22569867556,23890755584,33458563096,45,0
1790419388804,23135,891027456,22569867556,23890755584,33458563096,45,0
1790419389054,23135,891027456,22569867556,23890755584,33458563096,45,0
1790419389304,23135,891027456,22569867556,23890755584,33458563096,45,0
1790419389554,23135,891027456,22569867556,23890755584,33458563096,45,0
1790419389804,23135,891027456,22569867556,23890755584,33458563096,45,0
1790419390054,23135,891027456,22569867556,23890755584,33458563096,45,0
1790419390304,23135,891027456,22569867556,23890755584,33458563096,45,0
1790419390554,23135,891027456,22569867556,23890755584,33458563096,45,0
1790419390804,23135,891027456,22569867556,23890755584,33458563096,45,0
1790419391054,23135,891027456,22569867556,23890755584,33458563096,45,0
1790419391304,23135,891027456,22569867556,23890755584,33458563096,45,0
1790419391554,23135,891027456,22569867556,23890755584,33458563096,45,0
1790419391804,23135,891027456,22569867556,23890755584,33458563096,45,0
1790419392054,23135,891027456,22569867556,23890755584,33458563096,45,0
1790419392304,23135,891027456,22569867556,23890755584,33458563096,45,0
1790419392554,23135,891027456,22569867556,23890755584,33458563096,45,0
1790419392804,23135,891027456,22569867556,23890755584,33458563096,45,0
1790419393054,23135,891027456,22569867556,23890755584,33458563096,45,0
1790419393304,23135,891027456,22569867556,23890755584,33458563096,45,0
1790419393554,23135,891027456,22569867556,23890755584,33458563096,45,0
1790419393804,23135,891027456,22569867556,23890755584,33458563096,45,0
1790419394054,23135,891027456,22569867556,23890755584,33458563096,45,0
1790419394304,23135,891027456,22569867556,23890755584,33458563096,45,0
1790419394554,23135,891027456,22569867556,23890755584,33458563096,45,0
1790419394804,23135,891027456,22569867556,23890755584,33458563096,45,0
1790419395054,23135,891027456,22569867556,23890755584,33458563096,45,0
1790419395304,23135,891027456,22569867556,23890755584,33458563096,45,0
1790419395554,23135,891027456,22569867556,23890755584,33458563096,45,0
1790419395804,23135,891027456,22569867556,23890755584,33458563096,45,0
1790419396054,23135,891027456,22569867556,23890755584,33458563096,45,0
1790419396304,23135,891027456,22569867556,23890755584,33458563096,45,0
1790419396554,23135,891027456,22569867556,23890755584,33458563096,45,0
1790419396804,23135,891027456,22569867556,23890755584,33458563096,45,0
1790419397054,23135,891027456,22569867556,23890755584,33458563096,45,0
1790419397304,23135,891027456,22569867556,23890755584,33458563096,45,0
1790419397554,23135,891027456,22569867556,23890755584,33458563096,45,0
1790419397804,23135,891027456,22569867556,23890755584,33458563096,45,0
1790419398054,23135,891027456,22569867556,23890755584,33458563096,45,0
1790419398304,23135,891027456,22569867556,23890755584,33458563096,45,0
1790419398554,23135,891027456,22569867556,23890755584,33458563096,45,0
1790419398804,23135,891027456,22569867556,23890755584,33458563096,45,0
1790419399054,23135,891027456,22569867556,23890755584,33458563096,45,0
1790419399304,23135,891027456,22569867556,23890755584,33458563096,45,0
1790419399554,23135,891027456,22569867556,23890755584,33458563096,45,0
1790419399804,23135,891027456,22569867556,23890755584,33458563096,45,0
1790419400054,23135,891027456,22569867556,23890755584,33458563096,45,0
1790419400304,23135,891027456,22569867556,23890755584,33458563096,45,0
1790419400554,23135,891027456,22569867556,23890755584,33458563096,45,0
1790419400804,23135,891027456,22569867556,23890755584,33458563096,45,0
1790419401054,23135,891027456,22569867556,23890755584,33458563096,45,0
1790419401304,23135,891027456,22569867556,23890755584,33458563096,45,0
1790419401554,23135,891027456,22569867556,23890755584,33458563096,45,0
1790419401804,23135,891027456,22569867556,23890755584,33458563096,45,0
1790419402054,23135,891027456,22569867556,23890755584,33458563096,45,0
1790419402304,23135,891027456,22569867556,23890755584,33458563096,45,0
1790419402554,23135,891027456,22569867556,23890755584,33458563096,45,0
1790419402804,23135,891027456,22569867556,23890755584,33458563096,45,0
1790419403054,23135,891027456,22569867556,23890755584,33458563096,45,0
1790419403304,23135,891027456,22569867556,23890755584,33458563096,45,0
1790419403554,23135,891027456,22569867556,23890755584,33458563096,45,0
1790419403804,23135,891027456,22569867556,23890755584,33458563096,45,0
1790419404054,23135,891027456,22569867556,23890755584,33458563096,45,0
1790419404304,23135,891027456,22569867556,23890755584,33458563096,45,0
1790419404554,23135,891027456,22569867556,23890755584,33458563096,45,0
1790419404804,23135,891027456,22569867556,23890755584,33458563096,45,0
1790419405054,23135,891027456,22569867556,23890755584,33458563096,45,0
1790419405304,23135,891027456,22569867556,23890755584,33458563096,45,0
1790419405554,23135,891027456,22569867556,23890755584,33458563096,45,0
1790419405804,23135,891027456,22569867556,23890755584,33458563096,45,0
1790419406054,23135,891027456,22569867556,23890755584,33458563096,45,0
1790419406304,23135,891027456,22569867556,23890755584,33458563096,45,0
1790419406554,23135,891027456,22569867556,23890755584,33458563096,45,0
1790419406804,23135,891027456,22569867556,23890755584,33458563096,45,0
1790419407054,23135,891027456,22569867556,23890755584,33458563096,45,0
1790419407304,23135,891027456,22569867556,23890755584,33458563096,45,0
1790419407554,23135,891027456,22569867556,23890755584,33458563096,45,0
1790419407804,23135,891027456,22569867556,23890755584,33458563096,45,0
1790419408054,23135,891027456,22569867556,23890755584,33458563096,45,0
1790419408304,23135,891027456,22569867556,23890755584,33458563096,45,0
1790419408554,23135,891027456,22569867556,23890755584,33458563096,45,0
1790419408804,23135,891027456,22569867556,23890755584,33458563096,45,0
1790419409054,23135,891027456,22569867556,23890755584,33458563096,45,0
1790419409304,23135,891027456,22569867556,23890755584,33458563096,45,0
1790419409554,23135,891027456,22569867556,23890755584,33458563096,45,0
1790419409804,23135,891027456,22569867556,23890755584,33458563096,45,0
1790419410054,23135,891027456,22569867556,23890755584,33458563096,45,0
1790419410304,23135,891027456,22569867556,23890755584,33458563096,45,0
1790419410554,23135,891027456,22569867556,23890755584,33458563096,45,0
1790419410804,23135,891027456,22569867556,23890755584,33458563096,45,0
1790419411054,23135,891027456,22569867556,23890755584,33458563096,45,0
1790419411304,23135,891027456,22569867556,23890755584,33458563096,45,0
1790419411554,23135,891027456,22569867556,23890755584,33458563096,45,0
1790419411804,23135,891027456,22569867556,23890755584,33458563096,45,0
1790419412054,23135,891027456,22569867556,23890755584,33458563096,45,0
1790419412304,23135,891027456,22569867556,23890755584,33458563096,45,0
1790419412554,23135,891027456,22569867556,23890755584,33458563096,45,0
1790419412804,23135,891027456,22569867556,23890755584,33458563096,45,0
1790419413054,23135,891027456,22569867556,23890755584,33458563096,45,0
1790419413304,23135,891027456,22569867556,23890755584,33458563096,45,0
1790419413554,23135,891027456,22569867556,23890755584,33458563096,45,0
1790419413804,23135,891027456,22569867556,23890755584,33458563096,45,0
1790419414054,23135,891027456,22569867556,23890755584,33458563096,45,0
1790419414304,23135,891027456,22569867556,23890755584,33458563096,45,0
1790419414554,23135,891027456,22569867556,23890755584,33458563096,45,0
1790419414804,23135,891027456,22569867556,23890755584,33458563096,45,0
1790419415054,23135,891027456,22569867556,23890755584,33458563096,45,0
1790419415304,23135,891027456,22569867556,23890755584,33458563096,45,0
1790419415554,23135,891027456,22569867556,23890755584,33458563096,45,0
1790419415804,23135,891027456,22569867556,23890755584,33458563096,45,0
1790419416054,23135,891027456,22569867556,23890755584,33458563096,45,0
1790419416304,23135,891027456,22569867556,23890755584,33458563096,45,0
1790419416554,23135,891027456,22569867556,23890755584,33458563096,45,0
1790419416804,23135,891027456,22569867556,23890755584,33458563096,45,0
1790419417054,23135,891027456,22569867556,23890755584,33458563096,45,0
1790419417304,23135,891027456,22569867556,23890755584,33458563096,45,0
1790419417554,23135,891027456,22569867556,23890755584,33458563096,45,0
1790419417804,23135,891027456,22569867556,23890755584,33458563096,45,0
1790419418054,23135,891027456,22569867556,23890755584,33458563096,45,0
1790419418304,23135,891027456,22569867556,23890755584,33458563096,45,0
1790419418554,23135,891027456,22569867556,23890755584,33458563096,45,0
1790419418804,23135,891027456,22569867556,23890755584,33458563096,45,0
1790419419054,23135,891027456,22569867556,23890755584,33458563096,45,0
1790419419304,23135,891027456,22569867556,23890755584,33458563096,45,0
1790419419554,23135,891027456,22569867556,23890755584,33458563096,45,0
1790419419804,23135,891027456,22569867556,23890755584,33458563096,45,0
1790419420054,23135,891027456,22569867556,23890755584,33458563096,45,0
1790419420304,23135,891027456,22569867556,23890755584,33458563096,45,0
1790419420554,23135,891027456,22569867556,23890755584,33458563096,45,0
1790419420804,23135,891027456,22569867556,23890755584,33458563096,45,0
1790419421054,23135,891027456,22569867556,23890755584,33458563096,45,0
1790419421304,23135,891027456,22569867556,23890755584,33458563096,45,0
1790419421554,23135,891027456,22569867556,23890755584,33458563096,45,0
1790419421804,23135,891027456,22569867556,23890755584,33458563096,45,0
1790419422054,23135,891027456,22569867556,23890755584,33458563096,45,0
1790419422304,23135,891027456,22569867556,23890755584,33458563096,45,0
1790419422554,23135,891027456,22569867556,23890755584,33458563096,45,0
1790419422804,23135,891027456,22569867556,23890755584,33458563096,45,0
1790419423054,23135,891027456,22569867556,23890755584,33458563096,45,0
1790419423304,23135,891027456,22569867556,23890755584,33458563096,45,0
1790419423554,23135,891027456,22569867556,23890755584,33458563096,45,0
1790419423804,23135,891027456,22569867556,23890755584,33458563096,45,0
1790419424054,23135,891027456,22569867556,23890755584,33458563096,45,0
1790419424304,23135,891027456,22569867556,23890755584,33458563096,45,0
1790419424554,23135,891027456,22569867556,23890755584,33458563096,45,0
1790419424804,23135,891027456,22569867556,23890755584,33458563096,45,0
1790419425054,23135,891027456,22569867556,23890755584,33458563096,45,0
1790419425304,23135,891027456,22569867556,23890755584,33458563096,45,0
1790419425554,23135,891027456,22569867556,23890755584,33458563096,45,0
1790419425804,23135,891027456,22569867556,23890755584,33458563096,45,0
1790419426054,23135,891027456,22569867556,23890755584,33458563096,45,0
1790419426304,23135,891027456,22569867556,23890755584,33458563096,45,0
1790419426554,23135,891027456,22569867556,23890755584,33458563096,45,0
1790419426804,23135,891027456,22569867556,23890755584,33458563096,45,0
1790419427054,23135,891027456,22569867556,23890755584,33458563096,45,0
1790419427304,23135,891027456,22569867556,23890755584,33458563096,45,0
1790419427554,23135,891027456,22569867556,23890755584,33458563096,45,0
1790419427804,23135,891027456,22569867556,23890755584,33458563096,45,0
1790419428054,23135,891027456,22569867556,23890755584,33458563096,45,0
1790419428304,23135,891027456,22569867556,23890755584,33458563096,45,0
1790419428554,23135,891027456,22569867556,23890755584,33458563096,45,0
1790419428804,23135,891027456,22569867556,23890755584,33458563096,45,0
1790419429054,23135,891027456,22569867556,23890755584,33458563096,45,0
1790419429304,23135,891027456,22569867556,23890755584,33458563096,45,0
1790419429554,23135,891027456,22569867556,23890755584,33458563096,45,0
1790419429804,23135,891027456,22569867556,23890755584,33458563096,45,0
1790419430054,23135,891027456,22569867556,23890755584,33458563096,45,0
1790419430304,23135,891027456,22569867556,23890755584,33458563096,45,0
1790419430554,23135,891027456,22569867556,23890755584,33458563096,45,0
1790419430804,23135,891027456,22569867556,23890755584,33458563096,45,0
1790419431054,23135,891027456,22569867556,23890755584,33458563096,45,0
1790419431304,23135,891027456,22569867556,23890755584,33458563096,45,0
1790419431554,23135,891027456,22569867556,23890755584,33458563096,45,0
1790419431804,23135,891027456,22569867556,23890755584,33458563096,45,0
1790419432054,23135,891027456,22569867556,23890755584,33458563096,45,0
1790419432304,23135,891027456,22569867556,23890755584,33458563096,45,0
1790419432554,23135,891027456,22569867556,23890755584,33458563096,45,0
1790419432804,23135,891027456,22569867556,23890755584,33458563096,45,0
1790419433054,23135,891027456,22569867556,23890755584,33458563096,45,0
1790419433304,23135,891027456,22569867556,23890755584,33458563096,45,0
1790419433554,23135,891027456,22569867556,23890755584,33458563096,45,0
1790419433804,23135,891027456,22569867556,23890755584,33458563096,45,0
1790419434054,23135,891027456,22569867556,23890755584,33458563096,45,0
1790419434304,23135,891027456,22569867556,23890755584,33458563096,45,0
1790419434554,23135,891027456,22569867556,23890755584,33458563096,45,0
1790419434804,23135,891027456,22569867556,23890755584,33458563096,45,0
1790419435054,23135,891027456,22569867556,23890755584,33458563096,45,0
1790419435304,23135,891027456,22569867556,23890755584,33458563096,45,0
1790419435554,23135,891027456,22569867556,23890755584,33458563096,45,0
1790419435804,23135,891027456,22569867556,23890755584,33458563096,45,0
1790419436054,23135,891027456,22569867556,23890755584,33458563096,45,0
1790419436304,23135,891027456,22569867556,23890755584,33458563096,45,0
1790419436554,23135,891027456,22569867556,23890755584,33458563096,45,0
1790419436804,23135,891027456,22569867556,23890755584,33458563096,45,0
1790419437054,23135,891027456,22569867556,23890755584,33458563096,45,0
1790419437304,23135,891027456,22569867556,23890755584,33458563096,45,0
1790419437554,23135,891027456,22569867556,23890755584,33458563096,45,0
1790419437804,23135,891027456,22569867556,23890755584,33458563096,45,0
1790419438054,23135,891027456,22569867556,23890755584,33458563096,45,0
1790419438304,23135,891027456,22569867556,23890755584,33458563096,45,0
1790419438554,23135,891027456,22569867556,23890755584,33458563096,45,0
1790419438804,23135,891027456,22569867556,23890755584,33458563096,45,0
1790419439054,23135,891027456,22569867556,23890755584,33458563096,45,0
1790419439304,23135,891027456,22569867556,23890755584,33458563096,45,0
1790419439554,23135,891027456,22569867556,23890755584,33458563096,45,0
1790419439804,23135,891027456,22569867556,23890755584,33458563096,45,0
1790419440054,23135,891027456,22569867556,23890755584,33458563096,45,0
1790419440304,23135,891027456,22569867556,23890755584,33458563096,45,0
1790419440554,23135,891027456,22569867556,23890755584,33458563096,45,0
1790419440804,23135,891027456,22569867556,23890755584,33458563096,45,0
1790419441054,23135,891027456,22569867556,23890755584,33458563096,45,0
1790419441304,23135,891027456,22569867556,23890755584,33458563096,45,0
1790419441554,23135,891027456,22569867556,23890755584,33458563096,45,0
1790419441804,23135,891027456,22569867556,23890755584,33458563096,45,0
1790419442054,23135,891027456,22569867556,23890755584,33458563096,45,0
1790419442304,23135,891027456,22569867556,23890755584,33458563096,45,0
1790419442554,23135,891027456,22569867556,23890755584,33458563096,45,0
1790419442804,23135,891027456,22569867556,23890755584,33458563096,45,0
1790419443054,23135,891027456,22569867556,23890755584,33458563096,45,0
1790419443304,23135,891027456,22569867556,23890755584,33458563096,45,0
1790419443554,23135,891027456,22569867556,23890755584,33458563096,45,0
1790419443804,23135,891027456,22569867556,23890755584,33458563096,45,0
1790419444054,23135,891027456,22569867556,23890755584,33458563096,45,0
1790419444304,23135,891027456,22569867556,23890755584,33458563096,45,0
1790419444554,23135,891027456,22569867556,23890755584,33458563096,45,0
1790419444804,23135,891027456,22569867556,23890755584,33458563096,45,0
1790419445054,23135,891027456,22569867556,23890755584,33458563096,45,0
1790419445304,23135,891027456,22569867556,23890755584,33458563096,45,0
1790419445554,23135,891027456,22569867556,23890755584,33458563096,45,0
1790419445804,23135,891027456,22569867556,23890755584,33458563096,45,0
1790419446054,23135,891027456,22569867556,23890755584,33458563096,45,0
1790419446304,23135,891027456,22569867556,23890755584,33458563096,45,0
1790419446554,23135,891027456,22569867556,23890755584,33458563096,45,0
1790419446804,23135,891027456,22569867556,23890755584,33458563096,45,0
1790419447054,23135,891027456,22569867556,23890755584,33458563096,45,0
1790419447304,23135,891027456,22569867556,23890755584,33458563096,45,0
1790419447554,23135,891027456,22569867556,23890755584,33458563096,45,0
1790419447804,23135,891027456,22569867556,23890755584,33458563096,45,0
1790419448054,23135,891027456,22569867556,23890755584,33458563096,45,0
1790419448304,23135,891027456,22569867556,23890755584,33458563096,45,0
1790419448554,23135,891027456,22569867556,23890755584,33458563096,45,0
1790419448804,23135,891027456,22569867556,23890755584,33458563096,45,0
1790419449054,23135,891027456,22569867556,23890755584,33458563096,45,0
1790419449304,23135,891027456,22569867556,23890755584,33458563096,45,0
1790419449554,23135,891027456,22569867556,23890755584,33458563096,45,0
1790419449804,23135,891027456,22569867556,23890755584,33458563096,45,0
1790419450054,23135,891027456,22569867556,23890755584,33458563096,45,0
1790419450304,23135,891027456,22569867556,23890755584,33458563096,45,0
1790419450554,23135,891027456,22569867556,23890755584,33458563096,45,0
1790419450804,23135,891027456,22569867556,23890755584,33458563096,45,0
1790419451054,23135,891027456,22569867556,23890755584,33458563096,45,0
1790419451304,23135,891027456,22569867556,23890755584,33458563096,45,0
1790419451554,23135,891027456,22569867556,23890755584,33458563096,45,0
1790419451804,23135,891027456,22569867556,23890755584,33458563096,45,0
1790419452054,23135,891027456,22569867556,23890755584,33458563096,45,0
1790419452304,23135,891027456,22569867556,23890755584,33458563096,45,0
1790419452554,23135,891027456,22569867556,23890755584,33458563096,45,0
1790419452804,23135,891027456,22569867556,23890755584,33458563096,45,0
1790419453054,23135,891027456,22569867556,23890755584,33458563096,45,0
1790419453304,23135,891027456,22569867556,23890755584,33458563096,45,0
1790419453554,23135,891027456,22569867556,23890755584,33458563096,45,0
1790419453804,23135,891027456,22569867556,23890755584,33458563096,45,0
1790419454054,23135,891027456,22569867556,23890755584,33458563096,45,0
1790419454304,23135,891027456,22569867556,23890755584,33458563096,45,0
1790419454554,23135,891027456,22569867556,23890755584,33458563096,45,0
1790419454804,23135,891027456,22569867556,23890755584,33458563096,45,0
1790419455054,23135,891027456,22569867556,23890755584,33458563096,45,0
1790419455304,23135,891027456,22569867556,23890755584,33458563096,45,0
1790419455554,23135,891027456,22569867556,23890755584,33458563096,45,0
1790419455804,23135,891027456,22569867556,23890755584,33458563096,45,0
1790419456054,23135,891027456,22569867556,23890755584,33458563096,45,0
1790419456304,23135,891027456,22569867556,23890755584,33458563096,45,0
1790419456554,23135,891027456,22569867556,23890755584,33458563096,45,0
1790419456804,23135,891027456,22569867556,23890755584,33458563096,45,0
1790419457054,23135,891027456,22569867556,23890755584,33458563096,45,0
1790419457304,23135,891027456,22569867556,23890755584,33458563096,45,0
1790419457554,23135,891027456,22569867556,23890755584,33458563096,45,0
1790419457804,23135,891027456,22569867556,23890755584,33458563096,45,0
1790419458054,23135,891027456,22569867556,23890755584,33458563096,45,0
1790419458304,23135,891027456,22569867556,23890755584,33458563096,45,0
1790419458554,23135,891027456,22569867556,23890755584,33458563096,45,0
1790419458804,23135,891027456,22569867556,23890755584,33458563096,45,0
1790419459054,23135,891027456,22569867556,23890755584,33458563096,45,0
1790419459304,23135,891027456,22569867556,23890755584,33458563096,45,0
1790419459554,23135,891027456,22569867556,23890755584,33458563096,45,0
1790419459804,23135,891027456,22569867556,23890755584,33458563096,45,0
1790419460054,23135,891027456,22569867556,23890755584,33458563096,45,0
1790419460304,23135,891027456,22569867556,23890755584,33458563096,45,0
1790419460554,23135,891027456,22569867556,23890755584,33458563096,45,0
1790419460804,23135,891027456,22569867556,23890755584,33458563096,45,0
1790419461054,23135,891027456,22569867556,23890755584,33458563096,45,0
1790419461304,23135,891027456,22569867556,23890755584,33458563096,45,0
1790419461554,23135,891027456,22569867556,23890755584,33458563096,45,0
1790419461804,23135,891027456,22569867556,23890755584,33458563096,45,0
1790419462054,23135,891027456,22569867556,23890755584,33458563096,45,0
1790419462304,23135,891027456,22569867556,23890755584,33458563096,45,0
1790419462554,23135,891027456,22569867556,23890755584,33458563096,45,0
1790419462804,23135,891027456,22569867556,23890755584,33458563096,45,0
1790419463054,23135,891027456,22569867556,23890755584,33458563096,45,0
1790419463304,23135,891027456,22569867556,23890755584,33458563096,45,0
1790419463554,23135,891027456,22569867556,23890755584,33458563096,45,0
1790419463804,23135,891027456,22569867556,23890755584,33458563096,45,0
1790419464054,23135,891027456,22569867556,23890755584,33458563096,45,0
1790419464304,23135,891027456,22569867556,23890755584,33458563096,45,0
1790419464554,23135,891027456,22569867556,23890755584,33458563096,45,0
1790419464804,23135,891027456,22569867556,23890755584,33458563096,45,0
1790419465054,23135,891027456,22569867556,23890755584,33458563096,45,0
1790419465304,23135,891027456,22569867556,23890755584,33458563096,45,0
1790419465554,23135,891027456,22569867556,23890755584,33458563096,45,0
1790419465804,23135,891027456,22569867556,23890755584,33458563096,45,0
1790419466054,23135,891027456,22569867556,23890755584,33458563096,45,0
1790419466304,23135,891027456,22569867556,23890755584,33458563096,45,0
1790419466554,23135,891027456,22569867556,23890755584,33458563096,45,0
1790419466804,23135,891027456,22569867556,23890755584,33458563096,45,0
1790419467054,23135,891027456,22569867556,23890755584,33458563096,45,0
1790419467304,23135,891027456,22569867556,23890755584,33458563096,45,0
1790419467554,23135,891027456,22569867556,23890755584,33458563096,45,0
1790419467804,23135,891027456,22569867556,23890755584,33458563096,45,0
1790419468054,23135,891027456,22569867556,23890755584,33458563096,45,0
1790419468304,23135,891027456,22569867556,23890755584,33458563096,45,0
1790419468554,23135,891027456,22569867556,23890755584,33458563096,45,0
1790419468804,23135,891027456,22569867556,23890755584,33458563096,45,0
1790419469054,23135,891027456,22569867556,23890755584,33458563096,45,0
1790419469304,23135,891027456,22569867556,23890755584,33458563096,45,0
1790419469554,23135,891027456,22569867556,23890755584,33458563096,45,0
1790419469804,23135,891027456,22569867556,23890755584,33458563096,45,0
1790419470054,23135,891027456,22569867556,23890755584,33458563096,45,0
1790419470304,23135,891027456,22569867556,23890755584,33458563096,45,0
1790419470554,23135,891027456,22569867556,23890755584,33458563096,45,0
1790419470804,23135,891027456,22569867556,23890755584,33458563096,45,0
1790419471054,23135,891027456,22569867556,23890755584,33458563096,45,0
1790419471304,23135,891027456,22569867556,23890755584,33458563096,45,0
1790419471554,23135,891027456,22569867556,23890755584,33458563096,45,0
1790419471804,23135,891027456,22569867556,23890755584,33458563096,45,0
1790419472054,23135,891027456,22569867556,23890755584,33458563096,45,0
1790419472304,23135,891027456,22569867556,23890755584,33458563096,45,0
1790419472554,23135,891027456,22569867556,23890755584,33458563096,45,0
1790419472804,23135,891027456,22569867556,23890755584,33458563096,45,0
1790419473054,23135,891027456,22569867556,23890755584,33458563096,45,0
1790419473304,23135,891027456,22569867556,23890755584,33458563096,45,0
1790419473554,23135,891027456,22569867556,23890755584,33458563096,45,0
1790419473804,23135,891027456,22569867556,23890755584,33458563096,45,0
1790419474054,23135,891027456,22569867556,23890755584,33458563096,45,0
1790419474304,23135,891027456,22569867556,23890755584,33458563096,45,0
1790419474554,23135,891027456,22569867556,23890755584,33458563096,45,0
1790419474804,23135,891027456,22569867556,23890755584,33458563096,45,0
1790419475054,23135,891027456,22569867556,23890755584,33458563096,45,0
1790419475304,23135,891027456,22569867556,23890755584,33458563096,45,0
1790419475554,23135,891027456,22569867556,23890755584,33458563096,45,0
1790419475804,23135,891027456,22569867556,23890755584,33458563096,45,0
1790419476054,23135,891027456,22569867556,23890755584,33458563096,45,0
1790419476304,23135,891027456,22569867556,23890755584,33458563096,45,0
1790419476554,23135,891027456,22569867556,23890755584,33458563096,45,0
1790419476804,23135,891027456,22569867556,23890755584,33458563096,45,0
1790419477054,23135,891027456,22569867556,23890755584,33458563096,45,0
1790419477304,23135,891027456,22569867556,23890755584,33458563096,45,0
1790419477554,23135,891027456,22569867556,23890755584,33458563096,45,0
1790419477804,23135,891027456,22569867556,23890755584,33458563096,45,0
1790419478054,23135,891027456,22569867556,23890755584,33458563096,45,0
1790419478304,23135,891027456,22569867556,23890755584,33458563096,45,0
1790419478554,23135,891027456,22569867556,23890755584,33458563096,45,0
1790419478804,23135,891027456,22569867556,23890755584,33458563096,45,0
1790419479054,23135,891027456,22569867556,23890755584,33458563096,45,0
1790419479304,23135,891027456,22569867556,23890755584,33458563096,45,0
1790419479554,23135,891027456,22569867556,23890755584,33458563096,45,0
1790419479804,23135,891027456,22569867556,23890755584,33458563096,45,0
1790419480054,23135,891027456,22569867556,23890755584,33458563096,45,0
1790419480304,23135,891027456,22569867556,23890755584,33458563096,45,0
1790419480554,23135,891027456,22569867556,23890755584,33458563096,45,0
1790419480804,23135,891027456,22569867556,23890755584,33458563096,45,0
1790419481054,23135,891027456,22569867556,23890755584,33458563096,45,0
1790419481304,23135,891027456,22569867556,23890755584,33458563096,45,0
1790419481554,23135,891027456,22569867556,23890755584,33458563096,45,0
1790419481804,23135,891027456,22569867556,23890755584,33458563096,45,0
1790419482054,23135,891027456,22569867556,23890755584,33458563096,45,0
1790419482304,23135,891027456,22569867556,23890755584,33458563096,45,0
1790419482554,23135,891027456,22569867556,23890755584,33458563096,45,0
1790419482804,23135,891027456,22569867556,23890755584,33458563096,45,0
1790419483054,23135,891027456,22569867556,23890755584,33458563096,45,0
1790419483304,23135,891027456,22569867556,23890755584,33458563096,45,0
1790419483554,23135,891027456,22569867556,23890755584,33458563096,45,0
1790419483804,23135,891027456,22569867556,23890755584,33458563096,45,0
1790419484054,23135,891027456,22569867556,23890755584,33458563096,45,0
1790419484304,23135,891027456,22569867556,23890755584,33458563096,45,0
1790419484554,23135,891027456,22569867556,23890755584,33458563096,45,0
1790419484804,23135,891027456,22569867556,23890755584,33458563096,45,0
1790419485054,23135,891027456,22569867556,23890755584,33458563096,45,0
1790419485304,23135,891027456,22569867556,23890755584,33458563096,45,0
1790419485554,23135,891027456,22569867556,23890755584,33458563096,45,0
1790419485804,23135,891027456,22569867556,23890755584,33458563096,45,0
1790419486054,23135,891027456,22569867556,23890755584,33458563096,45,0
1790419486304,23135,891027456,22569867556,23890755584,33458563096,45,0
1790419486554,23135,891027456,22569867556,23890755584,33458563096,45,0
1790419486804,23135,891027456,22569867556,23890755584,33458563096,45,0
1790419487054,23135,891027456,22569867556,23890755584,33458563096,45,0
1790419487304,23135,891027456,22569867556,23890755584,33458563096,45,0
1790419487554,23135,891027456,22569867556,23890755584,33458563096,45,0
1790419487804,23135,891027456,22569867556,23890755584,33458563096,45,0
1790419488054,23135,891027456,22569867556,23890755584,33458563096,45,0
1790419488304,23135,891027456,22569867556,23890755584,33458563096,45,0
1790419488554,23135,891027456,22569867556,23890755584,33458563096,45,0
1790419488804,23135,891027456,22569867556,23890755584,33458563096,45,0
1790419489054,23135,891027456,22569867556,23890755584,33458563096,45,0
1790419489304,23135,891027456,22569867556,23890755584,33458563096,45,0
1790419489554,23135,891027456,22569867556,23890755584,33458563096,45,0
1790419489804,23135,891027456,22569867556,23890755584,33458563096,45,0
1790419490054,23135,891027456,22569867556,23890755584,33458563096,45,0
1790419490304,23135,891027456,22569867556,23890755584,33458563096,45,0
1790419490554,23135,891027456,22569867556,23890755584,33458563096,45,0
1790419490804,23135,891027456,22569867556,23890755584,33458563096,45,0
1790419491054,23135,891027456,22569867556,23890755584,33458563096,45,0
1790419491304,23135,891027456,22569867556,23890755584,33458563096,45,0
1790419491554,23135,891027456,22569867556,23890755584,33458563096,45,0
1790419491804,23135,891027456,22569867556,23890755584,33458563096,45,0
1790419492054,23135,891027456,22569867556,23890755584,33458563096,45,0
1790419492304,23135,891027456,22569867556,23890755584,33458563096,45,0
1790419492554,23135,891027456,22569867556,23890755584,33458563096,45,0
1790419492804,23135,891027456,22569867556,23890755584,33458563096,45,0
1790419493054,23135,891027456,22569867556,23890755584,33458563096,45,0
1790419493304,23135,891027456,22569867556,23890755584,33458563096,45,0
1790419493554,23135,891027456,22569867556,23890755584,33458563096,45,0
1790419493804,23135,891027456,22569867556,23890755584,33458563096,45,0
1790419494054,23135,891027456,22569867556,23890755584,33458563096,45,0
1790419494304,23135,891027456,22569867556,23890755584,33458563096,45,0
1790419494554,23135,891027456,22569867556,23890755584,33458563096,45,0
1790419494804,23135,891027456,22569867556,23890755584,33458563096,45,0
1790419495054,23135,891027456,22569867556,23890755584,33458563096,45,0
1790419495304,23135,891027456,22569867556,23890755584,33458563096,45,0
1790419495554,23135,891027456,22569867556,23890755584,33458563096,45,0
1790419495804,23135,891027456,22569867556,23890755584,33458563096,45,0
1790419496054,23135,891027456,22569867556,23890755584,33458563096,45,0
1790419496304,23135,891027456,22569867556,23890755584,33458563096,45,0
1790419496554,23135,891027456,22569867556,23890755584,33458563096,45,0
1790419496804,23135,891027456,22569867556,23890755584,33458563096,45,0
1790419497054,23135,891027456,22569867556,23890755584,33458563096,45,0
1790419497304,23135,891027456,22569867556,23890755584,33458563096,45,0
1790419497554,23135,891027456,22569867556,23890755584,33458563096,45,0
1790419497804,23135,891027456,22569867556,23890755584,33458563096,45,0
1790419498054,23135,891027456,22569867556,23890755584,33458563096,45,0
1790419498304,23135,891027456,22569867556,23890755584,33458563096,45,0
1790419498554,23135,891027456,22569867556,23890755584,33458563096,45,0
1790419498804,23135,891027456,22569867556,23890755584,33458563096,45,0
1790419499054,23135,891027456,22569867556,23890755584,33458563096,45,0
1790419499304,23135,891027456,22569867556,23890755584,33458563096,45,0
1790419499554,23135,891027456,22569867556,23890755584,33458563096,45,0
1790419499804,23135,891027456,22569867556,23890755584,33458563096,45,0
1790419500054,23135,891027456,22569867556,23890755584,33458563096,45,0
1790419500304,23135,891027456,22569867556,23890755584,33458563096,45,0
1790419500554,23135,891027456,22569867556,23890755584,33458563096,45,0
1790419500804,23135,891027456,22569867556,23890755584,33458563096,45,0
1790419501054,23135,891027456,22569867556,23890755584,33458563096,45,0
1790419501304,23135,891027456,22569867556,23890755584,33458563096,45,0
1790419501554,23135,891027456,22569867556,23890755584,33458563096,45,0
1790419501804,23135,891027456,22569867556,23890755584,33458563096,45,0
1790419502054,23135,891027456,22569867556,23890755584,33458563096,45,0
1790419502304,23135,891027456,22569867556,23890755584,33458563096,45,0
1790419502554,23135,891027456,22569867556,23890755584,33458563096,45,0
1790419502804,23135,891027456,22569867556,23890755584,33458563096,45,0
1790419503054,23135,891027456,22569867556,23890755584,33458563096,45,0
1790419503304,23135,891027456,22569867556,23890755584,33458563096,45,0
1790419503554,23135,891027456,22569867556,23890755584,33458563096,45,0
1790419503804,23135,891027456,22569867556,23890755584,33458563096,45,0
1790419504054,23135,891027456,22569867556,23890755584,33458563096,45,0
1790419504304,23135,891027456,22569867556,23890755584,33458563096,45,0
1790419504554,23135,891027456,22569867556,23890755584,33458563096,45,0
1790419504804,23135,891027456,22569867556,23890755584,33458563096,45,0
1790419505054,23135,891027456,22569867556,23890755584,33458563096,45,0
1790419505304,23135,891027456,22569867556,23890755584,33458563096,45,0
1790419505554,23135,891027456,22569867556,23890755584,33458563096,45,0
1790419505804,23135,891027456,22569867556,23890755584,33458563096,45,0
1790419506054,23135,891027456,22569867556,23890755584,33458563096,45,0
1790419506304,23135,891027456,22569867556,23890755584,33458563096,45,0
1790419506554,23135,891027456,22569867556,23890755584,33458563096,45,0
1790419506804,23135,891027456,22569867556,23890755584,33458563096,45,0
1790419507054,23135,891027456,22569867556,23890755584,33458563096,45,0
1790419507304,23135,891027456,22569867556,23890755584,33458563096,45,0
1790419507554,23135,891027456,22569867556,23890755584,33458563096,45,0
1790419507804,23135,891027456,22569867556,23890755584,33458563096,45,0
1790419508054,23135,891027456,22569867556,23890755584,33458563096,45,0
1790419508304,23135,891027456,22569867556,23890755584,33458563096,45,0
1790419508554,23135,891027456,22569867556,23890755584,33458563096,45,0
1790419508804,23135,891027456,22569867556,23890755584,33458563096,45,0
1790419509054,23135,891027456,22569867556,23890755584,33458563096,45,0
1790419509304,23135,891027456,22569867556,23890755584,33458563096,45,0
1790419509554,23135,891027456,22569867556,23890755584,33458563096,45,0
1790419509804,23135,891027456,22569867556,23890755584,33458563096,45,0
1790419510054,23135,891027456,22569867556,23890755584,33458563096,45,0
1790419510304,23135,891027456,22569867556,23890755584,33458563096,45,0
1790419510554,23135,891027456,22569867556,23890755584,33458563096,45,0
1790419510804,23135,891027456,22569867556,23890755584,33458563096,45,0
1790419511054,23135,891027456,22569867556,23890755584,33458563096,45,0
1790419511304,23135,891027456,22569867556,23890755584,33458563096,45,0
1790419511554,23135,891027456,22569867556,23890755584,33458563096,45,0
1790419511804,23135,891027456,22569867556,23890755584,33458563096,45,0
1790419512054,23135,891027456,22569867556,23890755584,33458563096,45,0
1790419512304,23135,891027456,22569867556,23890755584,32713129632,44,0
1790419512554,23135,891027456,22569867556,23890755584,32713129632,44,0
1790419512804,23135,891027456,22569867556,23890755584,32713129632,44,0
1790419513054,23135,891027456,22569867556,23890755584,32713129632,44,0
1790419513304,23135,891027456,22569867556,23890755584,32713129632,44,0
1790419513554,23135,891027456,22569867556,23890755584,32713129632,44,0
1790419513804,23135,891027456,22569867556,23890755584,32713129632,44,0
1790419514054,23135,891027456,22569867556,23890755584,32713129632,44,0
1790419514304,23135,891027456,22569867556,23890755584,32713129632,44,0
1790419514554,23135,891027456,22569867556,23890755584,32713129632,44,0
1790419514804,23135,891027456,22569867556,23890755584,32713129632,44,0
1790419515054,23135,891027456,22569867556,23890755584,32713129632,44,0
1790419515304,23135,891027456,22569867556,23890755584,32713129632,44,0
1790419515554,23135,891027456,22569867556,23890755584,32713129632,44,0
1790419515804,23135,891027456,22569867556,23890755584,32713129632,44,0
1790419516054,23135,891027456,22569867556,23890755584,32713129632,44,0
1790419516304,23135,891027456,22569867556,23890755584,32713129632,44,0
1790419516554,23135,891027456,22569867556,23890755584,32713129632,44,0
1790419516804,23135,891027456,22569867556,23890755584,32713129632,44,0
1790419517054,23135,891027456,22569867556,23890755584,32713129632,44,0
1790419517304,23135,891027456,22569867556,23890755584,32713129632,44,0
1790419517554,23135,891027456,22569867556,23890755584,32713129632,44,0
1790419517804,23135,891027456,22569867556,23890755584,32713129632,44,0
1790419518054,23135,891027456,22569867556,23890755584,32713129632,44,0
1790419518304,23135,891027456,22569867556,23890755584,32713129632,44,0
1790419518554,23135,891027456,22569867556,23890755584,32713129632,44,0
1790419518804,23135,891027456,22569867556,23890755584,32713129632,44,0
1790419519054,23135,891027456,22569867556,23890755584,32713129632,44,0
1790419519304,23135,891027456,22569867556,23890755584,32713129632,44,0
1790419519554,23135,891027456,22569867556,23890755584,32713129632,44,0
1790419519804,23135,891027456,22569867556,23890755584,32713129632,44,0
1790419520054,23135,891027456,22569867556,23890755584,32713129632,44,0
1790419520304,23135,891027456,22569867556,23890755584,32713129632,44,0
1790419520554,23135,891027456,22569867556,23890755584,32713129632,44,0
1790419520804,23135,891027456,22569867556,23890755584,32713129632,44,0
1790419521054,23135,891027456,22569867556,23890755584,32713129632,44,0
1790419521304,23135,891027456,22569867556,23890755584,32713129632,44,0
1790419521554,23135,891027456,22569867556,23890755584,32713129632,44,0
1790419521804,23135,891027456,22569867556,23890755584,32713129632,44,0
1790419522054,23135,891027456,22569867556,23890755584,32713129632,44,0
1790419522304,23135,891027456,22569867556,23890755584,32713129632,44,0
1790419522554,23135,891027456,22569867556,23890755584,32713129632,44,0
1790419522804,23135,891027456,22569867556,23890755584,32713129632,44,0
1790419523054,23135,891027456,22569867556,23890755584,32713129632,44,0
1790419523304,23135,891027456,22569867556,23890755584,32713129632,44,0
1790419523554,23135,891027456,22569867556,23890755584,32713129632,44,0
1790419523804,23135,891027456,22569867556,23890755584,32713129632,44,0
1790419524054,23135,891027456,22569867556,23890755584,32713129632,44,0
1790419524304,23135,891027456,22569867556,23890755584,31969572648,43,0
1790419524554,23135,891027456,22569867556,23890755584,31969572648,43,0
1790419524804,23135,891027456,22569867556,23890755584,31969572648,43,0
1790419525054,23135,891027456,22569867556,23890755584,31969572648,43,0
1790419525304,23135,891027456,22569867556,23890755584,31969572648,43,0
1790419525554,23135,891027456,22569867556,23890755584,31969572648,43,0
1790419525804,23135,891027456,22569867556,23890755584,31969572648,43,0
1790419526054,23135,891027456,22569867556,23890755584,31969572648,43,0
1790419526304,23135,891027456,22569867556,23890755584,31969572648,43,0
1790419526554,23135,891027456,22569867556,23890755584,31969572648,43,0
1790419526804,23135,891027456,22569867556,23890755584,31969572648,43,0
1790419527054,23135,891027456,22569867556,23890755584,31969572648,43,0
1790419527304,23135,891027456,22569867556,23890755584,31969572648,43,0
1790419527554,23135,891027456,22569867556,23890755584,31969572648,43,0
1790419527804,23135,891027456,22569867556,23890755584,31969572648,43,0
1790419528054,23135,891027456,22569867556,23890755584,31969572648,43,0
1790419528304,23135,891027456,22569867556,23890755584,31969572648,43,0
1790419528554,23134,891027456,22569867556,23890755584,31969572648,43,0
1790419528804,23134,891027456,22569867556,23890755584,31969572648,43,0
1790419529054,23134,891027456,22569867556,23890755584,31969572648,43,0
1790419529304,23134,891027456,22569867556,23890755584,31969572648,43,0
1790419529554,23134,891027456,22569867556,23890755584,31969572648,43,0
1790419529804,23134,891027456,22569867556,23890755584,31969572648,43,0
1790419530054,23134,891027456,22569867556,23890755584,31969572648,43,0
1790419530304,23134,891027456,22569867556,23890755584,31969572648,43,0
1790419530554,23134,891027456,22569867556,23890755584,31969572648,43,0
1790419530804,23134,891289600,22569867556,23890755584,31969572648,43,0
1790419531054,23134,891289600,22569867556,23890755584,31969572648,43,0
1790419531304,23134,891289600,22569867556,23890755584,31969572648,43,0
1790419531554,23134,891289600,22569867556,23890755584,31969572648,43,0
1790419531804,23134,891289600,22569867556,23890755584,31969572648,43,0
1790419532054,23134,891289600,22569867556,23890755584,31969572648,43,0
1790419532304,23134,891289600,22569867556,23890755584,31969572648,43,0
1790419532554,23134,891289600,22569867556,23890755584,31969572648,43,0
1790419532804,23134,891289600,22569867556,23890755584,31969572648,43,0
1790419533054,23134,891289600,22569867556,23890755584,31969572648,43,0
1790419533304,23134,891289600,22569867556,23890755584,31969572648,43,0
1790419533554,23134,891289600,22569867556,23890755584,31969572648,43,0
1790419533804,23134,891289600,22569867556,23890755584,31969572648,43,0
1790419534054,23134,891289600,22569867556,23890755584,31969572648,43,0
1790419534304,23134,891289600,22569867556,23890755584,31969572648,43,0
1790419534554,23134,891289600,22569867556,23890755584,31969572648,43,0
1790419534804,23134,891289600,22569867556,23890755584,31969572648,43,0
1790419535054,23134,891289600,22569867556,23890755584,31969572648,43,0
1790419535304,23134,891289600,22569867556,23890755584,31969572648,43,0
1790419535554,23134,891289600,22569867556,23890755584,31969572648,43,0
1790419535804,23134,891289600,22569867556,23890755584,31969572648,43,0
1790419536054,23134,891289600,22569867556,23890755584,31969572648,43,0
1790419536304,23134,891289600,22569867556,23890755584,31969572648,43,0
1790419536554,23134,891289600,22569867556,23890755584,31969572648,43,0
1790419536804,23134,891289600,22569867556,23890755584,31969572648,43,0
1790419537054,23134,891289600,22569867556,23890755584,31969572648,43,0
1790419537304,23134,891289600,22569867556,23890755584,31969572648,43,0
1790419537554,23134,891289600,22569867556,23890755584,31969572648,43,0
1790419537804,23134,891289600,22569867556,23890755584,31969572648,43,0
1790419538054,23134,891289600,22569867556,23890755584,31969572648,43,0
1790419538304,23134,891289600,22569867556,23890755584,31969572648,43,0
1790419538554,23134,891289600,22569867556,23890755584,31969572648,43,0
1790419538804,23134,891289600,22569867556,23890755584,31969572648,43,0
1790419539054,23134,891289600,22569867556,23890755584,31969572648,43,0
1790419539304,23134,891289600,22569867556,23890755584,31969572648,43,0
1790419539554,23134,891289600,22569867556,23890755584,31969572648,43,0
1790419539804,23134,891289600,22569867556,23890755584,31969572648,43,0
1790419540054,23134,891289600,22569867556,23890755584,31969572648,43,0
1790419540304,23134,891289600,22569867556,23890755584,31969572648,43,0
1790419540554,23134,891289600,22569867556,23890755584,31969572648,43,0
1790419540804,23134,891289600,22569867556,23890755584,31969572648,43,0
1790419541054,23134,891289600,22569867556,23890755584,31969572648,43,0
1790419541304,23134,891289600,22569867556,23890755584,31969572648,43,0
1790419541554,23134,891289600,22569867556,23890755584,31969572648,43,0
1790419541804,23134,891289600,22569867556,23890755584,31969572648,43,0
1790419542054,23134,891289600,22569867556,23890755584,31969572648,43,0
1790419542304,23134,891289600,22569867556,23890755584,31969572648,43,0
1790419542554,23134,891289600,22569867556,23890755584,31969572648,43,0
1790419542804,23134,891289600,22569867556,23890755584,31969572648,43,0
1790419543054,23134,891289600,22569867556,23890755584,31969572648,43,0
1790419543304,23134,891289600,22569867556,23890755584,31969572648,43,0
1790419543554,23134,891289600,22569867556,23890755584,31969572648,43,0
1790419543804,23134,891289600,22569867556,23890755584,31969572648,43,0
1790419544054,23134,891289600,22569867556,23890755584,31969572648,43,0
1790419544304,23134,891289600,22569867556,23890755584,31969572648,43,0
1790419544554,23134,891289600,22569867556,23890755584,31969572648,43,0
1790419544804,23134,891289600,22569867556,23890755584,31969572648,43,0
1790419545054,23135,891289600,22569867556,23890755584,31969572648,43,0
1790419545304,23135,891289600,22569867556,23890755584,31969572648,43,0
1790419545554,23135,891289600,22569867556,23890755584,31969572648,43,0
1790419545804,23135,891289600,22569867556,23890755584,31969572648,43,0
1790419546054,23135,891289600,22569867556,23890755584,31969572648,43,0
1790419546304,23135,891289600,22569867556,23890755584,31969572648,43,0
1790419546554,23135,891289600,22569867556,23890755584,31969572648,43,0
1790419546804,23135,891027456,22569867556,23890755584,31969572648,43,0
1790419547054,23135,891027456,22569867556,23890755584,31969572648,43,0
1790419547304,23135,891027456,22569867556,23890755584,31969572648,43,0
1790419547554,23135,891027456,22569867556,23890755584,31969572648,43,0
1790419547804,23135,891027456,22569867556,23890755584,31969572648,43,0
1790419548054,23135,891027456,22569867556,23890755584,31969572648,43,0
1790419548304,23135,891027456,22569867556,23890755584,31969572648,43,0
1790419548554,23135,891027456,22569867556,23890755584,31969572648,43,0
1790419548804,23135,891027456,22569867556,23890755584,31969572648,43,0
1790419549054,23135,891027456,22569867556,23890755584,31969572648,43,0
1790419549304,23135,891027456,22569867556,23890755584,31969572648,43,0
1790419549554,23135,891027456,22569867556,23890755584,31969572648,43,0
1790419549804,23135,891027456,22569867556,23890755584,31969572648,43,0
1790419550054,23135,891027456,22569867556,23890755584,31969572648,43,0
1790419550304,23135,891027456,22569867556,23890755584,31969572648,43,0
1790419550554,23135,891027456,22569867556,23890755584,31969572648,43,0
1790419550804,23135,891027456,22569867556,23890755584,31969572648,43,0
1790419551054,23135,891027456,22569867556,23890755584,31969572648,43,0
1790419551304,23135,891027456,22569867556,23890755584,31969572648,43,0
1790419551554,23135,891027456,22569867556,23890755584,31969572648,43,0
1790419551804,23135,891027456,22569867556,23890755584,31969572648,43,0
1790419552054,23135,891027456,22569867556,23890755584,31969572648,43,0
1790419552304,23135,891027456,22569867556,23890755584,31969572648,43,0
1790419552554,23135,891027456,22569867556,23890755584,31969572648,43,0
1790419552804,23135,891027456,22569867556,23890755584,31969572648,43,0
1790419553054,23135,891027456,22569867556,23890755584,31969572648,43,0
1790419553304,23135,891027456,22569867556,23890755584,31969572648,43,0
1790419553554,23135,891027456,22569867556,23890755584,31969572648,43,0
1790419553804,23135,891027456,22569867556,23890755584,31969572648,43,0
1790419554054,23135,891027456,22569867556,23890755584,31969572648,43,0
1790419554304,23135,891027456,22569867556,23890755584,31969572648,43,0
1790419554554,23135,891027456,22569867556,23890755584,31969572648,43,0
1790419554804,23135,891027456,22569867556,23890755584,31969572648,43,0
1790419555054,23135,891027456,22569867556,23890755584,31969572648,43,0
1790419555304,23135,891027456,22569867556,23890755584,31969572648,43,0
1790419555554,23135,891027456,22569867556,23890755584,31969572648,43,0
1790419555804,23135,891027456,22569867556,23890755584,31969572648,43,0
1790419556054,23135,891027456,22569867556,23890755584,31969572648,43,0
1790419556304,23135,891027456,22569867556,23890755584,31969572648,43,0
1790419556554,23135,891027456,22569867556,23890755584,31969572648,43,0
1790419556804,23135,891027456,22569867556,23890755584,31969572648,43,0
1790419557054,23135,891027456,22569867556,23890755584,31969572648,43,0
1790419557304,23135,891027456,22569867556,23890755584,31969572648,43,0
1790419557554,23135,891027456,22569867556,23890755584,31969572648,43,0
1790419557804,23135,891027456,22569867556,23890755584,31969572648,43,0
1790419558054,23135,891027456,22569867556,23890755584,31969572648,43,0
1790419558304,23135,891027456,22569867556,23890755584,31969572648,43,0
1790419558554,23135,891027456,22569867556,23890755584,31969572648,43,0
1790419558804,23135,891027456,22569867556,23890755584,31969572648,43,0
1790419559054,23135,891027456,22569867556,23890755584,31969572648,43,0
1790419559304,23135,891027456,22569867556,23890755584,31969572648,43,0
1790419559554,23135,891027456,22569867556,23890755584,31969572648,43,0
1790419559804,23135,891027456,22569867556,23890755584,31969572648,43,0
1790419560054,23135,891027456,22569867556,23890755584,31969572648,43,0
1790419560304,23135,891027456,22569867556,23890755584,31969572648,43,0
1790419560554,23135,891027456,22569867556,23890755584,31969572648,43,0
1790419560804,23135,891027456,22569867556,23890755584,31969572648,43,0
1790419561054,23135,891027456,22569867556,23890755584,31969572648,43,0
1790419561304,23135,891027456,22569867556,23890755584,31969572648,43,0
1790419561554,23135,891027456,22569867556,23890755584,31969572648,43,0
1790419561804,23135,891027456,22569867556,23890755584,31969572648,43,0
1790419562054,23135,891027456,22569867556,23890755584,31969572648,43,0
1790419562304,23135,891027456,22569867556,23890755584,31969572648,43,0
1790419562554,23135,891027456,22569867556,23890755584,31969572648,43,0
1790419562804,23135,891027456,22569867556,23890755584,31969572648,43,0
1790419563054,23135,891027456,22569867556,23890755584,31969572648,43,0
1790419563304,23135,891027456,22569867556,23890755584,31969572648,43,0
1790419563554,23135,891027456,22253854512,23890755584,31227516848,42,0
1790419563804,23135,891027456,22253854512,23890755584,31227516848,42,0
1790419564054,23135,891027456,22253854512,23890755584,31227516848,42,0
1790419564304,23135,891027456,22253854512,23890755584,31227516848,42,0
1790419564554,23135,891027456,22253854512,23890755584,31227516848,42,0
1790419564804,23135,891027456,22253854512,23890755584,31227516848,42,0
1790419565054,23135,891027456,22253854512,23890755584,31227516848,42,0
1790419565304,23135,891027456,22253854512,23890755584,31227516848,42,0
1790419565554,23135,891027456,22253854512,23890755584,31227516848,42,0
1790419565804,23135,891027456,22253854512,23890755584,31227516848,42,0
1790419566054,23165,860487680,22253854512,23890755584,31227516848,42,0
1790419566304,23757,860487680,22253854512,23890755584,31227516848,42,0
1790419566554,23135,860487680,22253854512,23890755584,31227516848,42,0
1790419566804,23135,891027456,21937924988,23890755584,30483209272,41,0
1790419567054,23135,891027456,21937924988,23890755584,30483209272,41,0
1790419567304,23135,891027456,21937924988,23890755584,30483209272,41,0
1790419567554,23135,891027456,21937924988,23890755584,30483209272,41,0
1790419567804,23135,891027456,21937924988,23890755584,30483209272,41,0
1790419568054,23135,891027456,21937924988,23890755584,30483209272,41,0
1790419568304,23135,891027456,21937924988,23890755584,30483209272,41,0
1790419568554,23135,891027456,21937924988,23890755584,30483209272,41,0
1790419568804,23135,891027456,21937924988,23890755584,30483209272,41,0
1790419569054,23135,891027456,21937924988,23890755584,30483209272,41,0
1790419569304,23135,891027456,21937924988,23890755584,30483209272,41,0
1790419569554,23135,891027456,21937924988,23890755584,30483209272,41,0
1790419569804,23135,891027456,21937924988,23890755584,30483209272,41,0
1790419570054,23135,891027456,21937924988,23890755584,30483209272,41,0
1790419570304,23135,891027456,21937924988,23890755584,30483209272,41,0
1790419570554,23135,891027456,21937924988,23890755584,30483209272,41,0
1790419570804,23135,891027456,21937924988,23890755584,30483209272,41,0
1790419571054,23135,891027456,21937924988,23890755584,30483209272,41,0
1790419571304,23135,891027456,21937924988,23890755584,30483209272,41,0
1790419571554,23135,891027456,21937924988,23890755584,30483209272,41,0
1790419571804,23135,891027456,21937924988,23890755584,30483209272,41,0
1790419572054,23135,891027456,21937924988,23890755584,30483209272,41,0
1790419572304,23135,891027456,21937924988,23890755584,30483209272,41,0
1790419572554,23135,891027456,21937924988,23890755584,30483209272,41,0
1790419572804,23135,891027456,21937924988,23890755584,30483209272,41,0
1790419573054,23135,891027456,21937924988,23890755584,30483209272,41,0
1790419573304,23135,891027456,21937924988,23890755584,30483209272,41,0
1790419573554,23135,891027456,21937924988,23890755584,30483209272,41,0
1790419573804,23135,891027456,21937924988,23890755584,30483209272,41,0
1790419574054,23135,891027456,21937924988,23890755584,30483209272,41,0
1790419574304,23135,891027456,21937924988,23890755584,30483209272,41,0
1790419574554,23135,891027456,21937924988,23890755584,30483209272,41,0
1790419574804,23135,891027456,21937924988,23890755584,30483209272,41,0
1790419575054,23135,891027456,21937924988,23890755584,30483209272,41,0
1790419575304,23135,891027456,21937924988,23890755584,30483209272,41,0
1790419575554,23135,891027456,21937924988,23890755584,30483209272,41,0
1790419575804,23135,891027456,21937924988,23890755584,30483209272,41,0
1790419576054,23135,891027456,21937924988,23890755584,30483209272,41,0
1790419576304,23135,891027456,21937924988,23890755584,30483209272,41,0
1790419576554,23135,891027456,21937924988,23890755584,30483209272,41,0
1790419576804,23135,891027456,21937924988,23890755584,30483209272,41,0
1790419577054,23135,891027456,21937924988,23890755584,30483209272,41,0
1790419577304,23135,891027456,21937924988,23890755584,30483209272,41,0
1790419577554,23135,891027456,21937924988,23890755584,30483209272,41,0
1790419577804,23135,891027456,21937924988,23890755584,30483209272,41,0
1790419578054,23135,891027456,21937924988,23890755584,30483209272,41,0
1790419578304,23135,891027456,21937924988,23890755584,30483209272,41,0
1790419578554,23135,891027456,21937924988,23890755584,30483209272,41,0
1790419578804,23135,891027456,21937924988,23890755584,30483209272,41,0
1790419579054,23135,891027456,21937924988,23890755584,30483209272,41,0
1790419579304,23135,891027456,21937924988,23890755584,30483209272,41,0
1790419579554,23135,891027456,21937924988,23890755584,30483209272,41,0
1790419579804,23135,891027456,21937924988,23890755584,30483209272,41,0
1790419580054,23135,891027456,21937924988,23890755584,30483209272,41,0
1790419580304,23135,891027456,21937924988,23890755584,30483209272,41,0
1790419580554,23135,891027456,21937924988,23890755584,30483209272,41,0
1790419580804,23135,891027456,21937924988,23890755584,30483209272,41,0
1790419581054,23135,891027456,21937924988,23890755584,30483209272,41,0
1790419581304,23135,891027456,21937924988,23890755584,30483209272,41,0
1790419581554,23135,891027456,21937924988,23890755584,30483209272,41,0
1790419581804,23135,891027456,21937924988,23890755584,30483209272,41,0
1790419582054,23135,891027456,21937924988,23890755584,30483209272,41,0
1790419582304,23135,891027456,21937924988,23890755584,30483209272,41,0
1790419582554,23135,891027456,21937924988,23890755584,30483209272,41,0
1790419582804,23135,891027456,21937924988,23890755584,30483209272,41,0
1790419583054,23135,891027456,21937924988,23890755584,30483209272,41,0
1790419583304,23135,891027456,21937924988,23890755584,30483209272,41,0
1790419583554,23135,891027456,21937924988,23890755584,30483209272,41,0
1790419583804,23135,891027456,21937924988,23890755584,30483209272,41,0
1790419584054,23135,891027456,21937924988,23890755584,30483209272,41,0
1790419584304,23135,891027456,21937924988,23890755584,30483209272,41,0
1790419584554,23135,891027456,21937924988,23890755584,30483209272,41,0
1790419584804,23135,891027456,21972269948,23890755584,30483209272,41,0
1790419585054,23135,891027456,21972269948,23890755584,30483209272,41,0
1790419585304,23135,891027456,21972269948,23890755584,30483209272,41,0
1790419585554,23135,891027456,21972269948,23890755584,30483209272,41,0
1790419585804,23135,891027456,21972269948,23890755584,30483209272,41,0
1790419586054,23135,891027456,21972269948,23890755584,30483209272,41,0
1790419586304,23135,891027456,21972269948,23890755584,30483209272,41,0
1790419586554,23135,891027456,21972269948,23890755584,30483209272,41,0
1790419586804,23135,891027456,21972269948,23890755584,30483209272,41,0
1790419587054,23135,891027456,21972269948,23890755584,30483209272,41,0
1790419587304,23135,891027456,21972269948,23890755584,30483209272,41,0
1790419587554,23135,891027456,21972269948,23890755584,30483209272,41,0
1790419587804,23135,891027456,21972269948,23890755584,30483209272,41,0
1790419588054,23135,891027456,21972269948,23890755584,30483209272,41,0
1790419588304,23135,891027456,21972269948,23890755584,30483209272,41,0
1790419588554,23135,891027456,21972269948,23890755584,30483209272,41,0
1790419588804,23135,891027456,21972269948,23890755584,30483209272,41,0
1790419589054,23135,891027456,21972269948,23890755584,30483209272,41,0
1790419589304,23135,891027456,21972269948,23890755584,30483209272,41,0
1790419589554,23135,891027456,21972269948,23890755584,30483209272,41,0
1790419589804,23135,891027456,21972269948,23890755584,30483209272,41,0
1790419590054,23135,891027456,21972269948,23890755584,30483209272,41,0
1790419590304,23135,891027456,21972269948,23890755584,30483209272,41,0
1790419590554,23135,891027456,21972269948,23890755584,30483209272,41,0
1790419590804,23135,891027456,21972269948,23890755584,30483209272,41,0
1790419591054,23135,891027456,21972269948,23890755584,30483209272,41,0
1790419591304,23135,891027456,21972269948,23890755584,30483209272,41,0
1790419591554,23135,891027456,21972269948,23890755584,30483209272,41,0
1790419591804,23135,891027456,21972269948,23890755584,30483209272,41,0
1790419592054,23135,891027456,21972269948,23890755584,30483209272,41,0
1790419592304,23135,891027456,21972269948,23890755584,30483209272,41,0
1790419592554,23135,891027456,21972269948,23890755584,30483209272,41,0
1790419592804,23135,891027456,21656407240,23890755584,29739652288,40,0
1790419593054,23135,891027456,21656407240,23890755584,29739652288,40,0
1790419593304,23135,891027456,21656407240,23890755584,29739652288,40,0
1790419593554,23135,891027456,21656407240,23890755584,29739652288,40,0
1790419593804,23135,891027456,21656407240,23890755584,29739652288,40,0
1790419594054,23135,891027456,21656407240,23890755584,29739652288,40,0
1790419594304,23135,891027456,21656407240,23890755584,29739652288,40,0
1790419594554,23135,891027456,21656407240,23890755584,29739652288,40,0
1790419594804,23135,891027456,21656407240,23890755584,29739652288,40,0
1790419595054,23135,891027456,21656407240,23890755584,29739652288,40,0
1790419595304,23135,891027456,21656407240,23890755584,29739652288,40,0
1790419595554,23135,891027456,21656407240,23890755584,29739652288,40,0
1790419595804,23135,891027456,21656407240,23890755584,29739652288,40,0
1790419596054,23135,891027456,21656407240,23890755584,29739652288,40,0
1790419596304,23135,891027456,21656407240,23890755584,29739652288,40,0
1790419596554,23135,891027456,21656407240,23890755584,29739652288,40,0
1790419596804,23135,891027456,21656407240,23890755584,29739652288,40,0
1790419597054,23135,891027456,21656407240,23890755584,29739652288,40,0
1790419597304,23135,891027456,21656407240,23890755584,29739652288,40,0
1790419597554,23135,891027456,21656407240,23890755584,29739652288,40,0
1790419597804,23135,891027456,21656407240,23890755584,29739652288,40,0
1790419598054,23135,891027456,21656407240,23890755584,29739652288,40,0
1790419598304,23135,891027456,21656407240,23890755584,29739652288,40,0
1790419598554,23135,891027456,21656407240,23890755584,29739652288,40,0
1790419598804,23135,891027456,21656407240,23890755584,29739652288,40,0
1790419599054,23135,891027456,21656407240,23890755584,29739652288,40,0
1790419599304,23135,891027456,21656407240,23890755584,29739652288,40,0
1790419599554,23135,891027456,21656407240,23890755584,29739652288,40,0
1790419599804,23135,891027456,21656407240,23890755584,29739652288,40,0
1790419600054,23135,891027456,21656407240,23890755584,29739652288,40,0
1790419600304,23135,891027456,21656407240,23890755584,29739652288,40,0
1790419600554,23135,891027456,21656407240,23890755584,29739652288,40,0
1790419600804,23135,891027456,21656407240,23890755584,29739652288,40,0
1790419601054,23135,891027456,21656407240,23890755584,29739652288,40,0
1790419601304,23135,891027456,21656407240,23890755584,29739652288,40,0
1790419601554,23135,891027456,21656407240,23890755584,29739652288,40,0
1790419601804,23135,891027456,21656407240,23890755584,29739652288,40,0
1790419602054,23135,891027456,21656407240,23890755584,29739652288,40,0
1790419602304,23135,891027456,21656407240,23890755584,29739652288,40,0
1790419602554,23135,891027456,21340444308,23890755584,28996845896,39,0
1790419602804,23135,891027456,21340444308,23890755584,28996845896,39,0
1790419603054,23135,891027456,21340444308,23890755584,28996845896,39,0
1790419603304,23135,891027456,21340444308,23890755584,28996845896,39,0
1790419603554,23135,891027456,21340444308,23890755584,28996845896,39,0
1790419603804,23135,891027456,21340444308,23890755584,28996845896,39,0
1790419604054,23135,891027456,21340444308,23890755584,28996845896,39,0
1790419604304,23135,891027456,21340444308,23890755584,28996845896,39,0
1790419604554,23135,891027456,21340444308,23890755584,28996845896,39,0
1790419604804,23135,891027456,21340444308,23890755584,28996845896,39,0
1790419605054,23135,891027456,21340444308,23890755584,28996845896,39,0
1790419605304,23135,891027456,21340444308,23890755584,28996845896,39,0
1790419605554,23135,891027456,21340444308,23890755584,28996845896,39,0
1790419605804,23135,891027456,21340444308,23890755584,28996845896,39,0
1790419606054,23135,891027456,21340444308,23890755584,28996845896,39,0
1790419606304,23135,891027456,21340444308,23890755584,28996845896,39,0
1790419606554,23135,891027456,21340444308,23890755584,28996845896,39,0
1790419606804,23135,891027456,21340444308,23890755584,28996845896,39,0
1790419607054,23135,891027456,21340444308,23890755584,28996845896,39,0
1790419607304,23135,891027456,21340444308,23890755584,28996845896,39,0
1790419607554,23135,891027456,21340444308,23890755584,28996845896,39,0
1790419607804,23135,891027456,21340444308,23890755584,28996845896,39,0
1790419608054,23135,891027456,21340444308,23890755584,28996845896,39,0
1790419608304,23135,891027456,21340444308,23890755584,28996845896,39,0
1790419608554,23135,891027456,21340444308,23890755584,28996845896,39,0
1790419608804,23135,891027456,21340444308,23890755584,28996845896,39,0
1790419609054,23135,891027456,21340444308,23890755584,28996845896,39,0
1790419609304,23135,891027456,21024514784,23890755584,28253664208,38,0
1790419609554,23135,891027456,21024514784,23890755584,28253664208,38,0
1790419609804,23135,891027456,21024514784,23890755584,28253664208,38,0
1790419610054,23135,891027456,21024514784,23890755584,28253664208,38,0
1790419610304,23135,891027456,21024514784,23890755584,28253664208,38,0
1790419610554,23135,891027456,21024514784,23890755584,28253664208,38,0
1790419610804,23135,891027456,20708618668,23890755584,27510857816,37,0
1790419611054,23135,891027456,20708618668,23890755584,27510857816,37,0
1790419611304,23135,891027456,20708618668,23890755584,27510857816,37,0
1790419611554,23135,891027456,20708618668,23890755584,27510857816,37,0
1790419611804,23135,891027456,20708618668,23890755584,27510857816,37,0
1790419612054,23135,891027456,20708618668,23890755584,27510857816,37,0
1790419612304,23135,891027456,20708618668,23890755584,27510857816,37,0
1790419612554,23135,891027456,20708618668,23890755584,27510857816,37,0
1790419612804,23135,891027456,20708618668,23890755584,27510857816,37,0
1790419613054,23135,891027456,20708618668,23890755584,27510857816,37,0
1790419613304,23135,891027456,20708618668,23890755584,27510857816,37,0
1790419613554,23135,891027456,20708618668,23890755584,27510857816,37,0
1790419613804,23135,891027456,20708618668,23890755584,27510857816,37,0
1790419614054,23135,891027456,20708618668,23890755584,27510857816,37,0
1790419614304,23135,891027456,20708618668,23890755584,27510857816,37,0
1790419614554,23135,891027456,20708618668,23890755584,27510857816,37,0
1790419614804,23135,891027456,20708618668,23890755584,27510857816,37,0
1790419615054,23135,891027456,20708618668,23890755584,27510857816,37,0
1790419615304,23135,891027456,20708618668,23890755584,27510857816,37,0
1790419615554,23135,891027456,20708618668,23890755584,27510857816,37,0
1790419615804,23135,891027456,20708618668,23890755584,27510857816,37,0
1790419616054,23135,891027456,20708618668,23890755584,27510857816,37,0
1790419616304,23135,891027456,20708618668,23890755584,27510857816,37,0
1790419616554,23135,891027456,20708618668,23890755584,27510857816,37,0
1790419616804,23135,891027456,20708618668,23890755584,27510857816,37,0
1790419617054,23135,891027456,20708618668,23890755584,27510857816,37,0
1790419617304,23135,891027456,20708618668,23890755584,27510857816,37,0
1790419617554,23135,891027456,20708618668,23890755584,27510857816,37,0
1790419617804,23135,891027456,20708618668,23890755584,27510857816,37,0
1790419618054,23135,891027456,20708618668,23890755584,27510857816,37,0
1790419618304,23135,891027456,20708618668,23890755584,27510857816,37,0
1790419618554,23135,891027456,20708618668,23890755584,27510857816,37,0
1790419618804,23135,891027456,20708618668,23890755584,27510857816,37,0
1790419619054,23135,891027456,20708618668,23890755584,27510857816,37,0
1790419619304,23135,891027456,20708618668,23890755584,27510857816,37,0
1790419619554,23135,891027456,20708618668,23890755584,27510857816,37,0
1790419619804,23135,891027456,20708618668,23890755584,27510857816,37,0
1790419620054,23135,891027456,20708618668,23890755584,27510857816,37,0
1790419620304,23135,891027456,20708618668,23890755584,27510857816,37,0
1790419620554,23135,891027456,20708618668,23890755584,27510857816,37,0
1790419620804,23135,891027456,20708618668,23890755584,27510857816,37,0
1790419621054,23135,891027456,20708618668,23890755584,27510857816,37,0
1790419621304,23135,891027456,20708618668,23890755584,27510857816,37,0
1790419621554,23135,891027456,20708618668,23890755584,27510857816,37,0
1790419621804,23135,891027456,20708618668,23890755584,27510857816,37,0
1790419622054,23135,891027456,20708618668,23890755584,27510857816,37,0
1790419622304,23135,891027456,20708618668,23890755584,27510857816,37,0
1790419622554,23135,891027456,20708618668,23890755584,27510857816,37,0
1790419622804,23135,891027456,20708618668,23890755584,27510857816,37,0
1790419623054,23135,891027456,20708618668,23890755584,27510857816,37,0
1790419623304,23135,891027456,20708618668,23890755584,27510857816,37,0
1790419623554,23135,891027456,20708618668,23890755584,27510857816,37,0
1790419623804,23135,891027456,20708618668,23890755584,27510857816,37,0
1790419624054,23135,891027456,20708618668,23890755584,27510857816,37,0
1790419624304,23135,891027456,20708618668,23890755584,27510857816,37,0
1790419624554,23135,891027456,20708618668,23890755584,27510857816,37,0
1790419624804,23135,891027456,20392705848,23890755584,26764673760,36,0
1790419625054,23135,891027456,20392705848,23890755584,26764673760,36,0
1790419625304,23135,891027456,20392705848,23890755584,26764673760,36,0
1790419625554,23135,891027456,20392705848,23890755584,26764673760,36,0
1790419625804,23135,891027456,20392705848,23890755584,26764673760,36,0
1790419626054,23135,891027456,20392705848,23890755584,26764673760,36,0
1790419626304,23135,891027456,20392705848,23890755584,26764673760,36,0
1790419626554,23135,891027456,20392705848,23890755584,26764673760,36,0
1790419626804,23135,891027456,20392705848,23890755584,26764673760,36,0
1790419627054,23135,891027456,20392705848,23890755584,26764673760,36,0
1790419627304,23135,891027456,20392705848,23890755584,26764673760,36,0
1790419627554,23135,891027456,20392705848,23890755584,26764673760,36,0
1790419627804,23135,891027456,20392705848,23890755584,26764673760,36,0
1790419628054,23135,891027456,20392705848,23890755584,26764673760,36,0
1790419628304,23135,891027456,20392705848,23890755584,26764673760,36,0
1790419628554,23135,891027456,20392705848,23890755584,26764673760,36,0
1790419628804,23135,891027456,20392705848,23890755584,26764673760,36,0
1790419629054,23135,891027456,20392705848,23890755584,26764673760,36,0
1790419629304,23135,891027456,20392705848,23890755584,26764673760,36,0
1790419629554,23135,891027456,20392705848,23890755584,26764673760,36,0
1790419629804,23135,891027456,20392705848,23890755584,26764673760,36,0
1790419630054,23135,891027456,20392705848,23890755584,26764673760,36,0
1790419630304,23135,891027456,20392705848,23890755584,26764673760,36,0
1790419630554,23135,891027456,20392705848,23890755584,26764673760,36,0
1790419630804,23135,891027456,20392705848,23890755584,26764673760,36,0
1790419631054,23135,891027456,20392705848,23890755584,26764673760,36,0
1790419631304,23135,891027456,20392705848,23890755584,26764673760,36,0
1790419631554,23135,891027456,20392705848,23890755584,26764673760,36,0
1790419631804,23135,891027456,20392705848,23890755584,26764673760,36,0
1790419632054,23135,891027456,20392705848,23890755584,26764673760,36,0
1790419632304,23135,891027456,20392705848,23890755584,26764673760,36,0
1790419632554,23135,891027456,20392705848,23890755584,26764673760,36,0
1790419632804,23135,891027456,20392705848,23890755584,26764673760,36,0
1790419633054,23135,891027456,20392705848,23890755584,26764673760,36,0
1790419633304,23135,891027456,20392705848,23890755584,26764673760,36,0
1790419633554,23135,891027456,20076809732,23890755584,26021492072,35,0
1790419633804,23135,891027456,20076809732,23890755584,26021492072,35,0
1790419634054,23135,891027456,20076809732,23890755584,26021492072,35,0
1790419634304,23135,891027456,20076809732,23890755584,26021492072,35,0
1790419634554,23135,891027456,20076809732,23890755584,26021492072,35,0
1790419634804,23135,891027456,20076809732,23890755584,26021492072,35,0
1790419635054,23135,891027456,20076809732,23890755584,26021492072,35,0
1790419635304,23135,891027456,20076809732,23890755584,26021492072,35,0
1790419635554,23135,891027456,20076809732,23890755584,26021492072,35,0
1790419635804,23135,891027456,20076809732,23890755584,26021492072,35,0
1790419636054,23135,891027456,20076809732,23890755584,26021492072,35,0
1790419636304,23135,891027456,20076809732,23890755584,26021492072,35,0
1790419636554,23135,891027456,20076809732,23890755584,26021492072,35,0
1790419636804,23135,891027456,20076809732,23890755584,26021492072,35,0
1790419637054,23135,891027456,20076809732,23890755584,26021492072,35,0
1790419637304,23135,891027456,20076809732,23890755584,26021492072,35,0
1790419637554,23135,891027456,20076809732,23890755584,26021492072,35,0
1790419637804,23135,891027456,20076809732,23890755584,26021492072,35,0
1790419638054,23135,891027456,20076809732,23890755584,26021492072,35,0
1790419638304,23135,891027456,20076809732,23890755584,26021492072,35,0
1790419638554,23135,891027456,20076809732,23890755584,26021492072,35,0
1790419638804,23135,891027456,20076809732,23890755584,26021492072,35,0
1790419639054,23135,891027456,20076809732,23890755584,26021492072,35,0
1790419639304,23135,891027456,20076809732,23890755584,26021492072,35,0
1790419639554,23135,891027456,20076809732,23890755584,26021492072,35,0
1790419639804,23135,891027456,20076809732,23890755584,26021492072,35,0
1790419640054,23135,891027456,20076809732,23890755584,26021492072,35,0
1790419640304,23135,891027456,20076809732,23890755584,26021492072,35,0
1790419640554,23135,891027456,20076809732,23890755584,26021492072,35,0
1790419640804,23135,891027456,20076809732,23890755584,26021492072,35,0
1790419641054,23135,891027456,20076809732,23890755584,26021492072,35,0
1790419641304,23135,891027456,20076809732,23890755584,26021492072,35,0
1790419641554,23135,891027456,20076809732,23890755584,26021492072,35,0
1790419641804,23135,891027456,20076809732,23890755584,26021492072,35,0
1790419642054,23135,891027456,20076809732,23890755584,26021492072,35,0
1790419642304,23135,891027456,20076809732,23890755584,26021492072,35,0
1790419642554,23135,891027456,20076809732,23890755584,26021492072,35,0
1790419642804,23135,891027456,20076809732,23890755584,26021492072,35,0
1790419643054,23135,891027456,20076809732,23890755584,26021492072,35,0
1790419643304,23135,891027456,20076809732,23890755584,26021492072,35,0
1790419643554,23135,891027456,20076809732,23890755584,26021492072,35,0
1790419643804,23135,891027456,20076809732,23890755584,26021492072,35,0
1790419644054,23135,891027456,20076809732,23890755584,26021492072,35,0
1790419644304,23135,891027456,20076809732,23890755584,26021492072,35,0
1790419644554,23135,891027456,20076809732,23890755584,26021492072,35,0
1790419644804,23135,891027456,20076809732,23890755584,26021492072,35,0
1790419645054,23135,891027456,20076809732,23890755584,26021492072,35,0
1790419645304,23135,891027456,20076809732,23890755584,26021492072,35,0
1790419645554,23135,891027456,20076809732,23890755584,26021492072,35,0
1790419645804,23135,891027456,20076809732,23890755584,26021492072,35,0
1790419646054,23135,891027456,20076809732,23890755584,26021492072,35,0
1790419646304,23135,891027456,20076809732,23890755584,26021492072,35,0
1790419646554,23135,891027456,20076809732,23890755584,26021492072,35,0
1790419646804,23135,891027456,20076809732,23890755584,26021492072,35,0
1790419647054,23135,891027456,20076809732,23890755584,26021492072,35,0
1790419647304,23135,891027456,20076809732,23890755584,26021492072,35,0
1790419647554,23135,891027456,20076809732,23890755584,26021492072,35,0
1790419647804,23135,891027456,20076809732,23890755584,26021492072,35,0
1790419648054,23135,891027456,20076809732,23890755584,26021492072,35,0
1790419648304,23135,891027456,20076809732,23890755584,26021492072,35,0
1790419648554,23135,891027456,20076809732,23890755584,26021492072,35,0
1790419648804,23135,891027456,20076809732,23890755584,26021492072,35,0
1790419649054,23135,891027456,20076809732,23890755584,26021492072,35,0
1790419649304,23135,891027456,20076809732,23890755584,26021492072,35,0
1790419649554,23135,891027456,20076809732,23890755584,26021492072,35,0
1790419649804,23135,891027456,20076809732,23890755584,26021492072,35,0
1790419650054,23135,891027456,20076809732,23890755584,26021492072,35,0
1790419650304,23135,891027456,20076809732,23890755584,26021492072,35,0
1790419650554,23135,891027456,20076809732,23890755584,26021492072,35,0
1790419650804,23135,891027456,20076809732,23890755584,26021492072,35,0
1790419651054,23135,891027456,20076809732,23890755584,26021492072,35,0
1790419651304,23135,891027456,20076809732,23890755584,26021492072,35,0
1790419651554,23135,891027456,20076809732,23890755584,26021492072,35,0
1790419651804,23135,891027456,19760763280,23890755584,25278310384,34,0
1790419652054,23135,891027456,19760763280,23890755584,25278310384,34,0
1790419652304,23135,891027456,19760763280,23890755584,25278310384,34,0
1790419652554,23135,891027456,19444850460,23890755584,24534002808,33,0
1790419652804,23135,891027456,19444850460,23890755584,24534002808,33,0
1790419653054,23135,891027456,19444850460,23890755584,24534002808,33,0
1790419653304,23135,891027456,19444850460,23890755584,24534002808,33,0
1790419653554,23135,891027456,19444850460,23890755584,24534002808,33,0
1790419653804,23135,891027456,19444850460,23890755584,24534002808,33,0
1790419654054,23135,891027456,19444850460,23890755584,24534002808,33,0
1790419654304,23135,891027456,19444850460,23890755584,24534002808,33,0
1790419654554,23135,891027456,19444850460,23890755584,24534002808,33,0
1790419654804,23135,891027456,19444850460,23890755584,24534002808,33,0
1790419655054,23135,891027456,19444850460,23890755584,24534002808,33,0
1790419655304,23135,891027456,19444850460,23890755584,24534002808,33,0
1790419655554,23135,891027456,19444850460,23890755584,24534002808,33,0
1790419655804,23135,891027456,19444850460,23890755584,24534002808,33,0
1790419656054,23135,891027456,19444850460,23890755584,24534002808,33,0
1790419656304,23135,891027456,19444850460,23890755584,24534002808,33,0
1790419656554,23135,891027456,19444850460,23890755584,24534002808,33,0
1790419656804,23135,891027456,19444850460,23890755584,24534002808,33,0
1790419657054,23135,891027456,19444850460,23890755584,24534002808,33,0
1790419657304,23135,891027456,19444850460,23890755584,24534002808,33,0
1790419657554,23135,891027456,19444850460,23890755584,24534002808,33,0
1790419657804,23135,891027456,19444850460,23890755584,24534002808,33,0
1790419658054,23135,891027456,19444850460,23890755584,24534002808,33,0
1790419658304,23135,891027456,19444850460,23890755584,24534002808,33,0
1790419658554,23135,891027456,19444850460,23890755584,24534002808,33,0
1790419658804,23135,891027456,19128937640,23890755584,23790070528,32,0
1790419659054,23135,891027456,19128937640,23890755584,23790070528,32,0
1790419659304,23135,891027456,19128937640,23890755584,23790070528,32,0
1790419659554,23135,891027456,19128937640,23890755584,23790070528,32,0
1790419659804,23135,891027456,19128937640,23890755584,23790070528,32,0
1790419660054,23135,891027456,19128937640,23890755584,23790070528,32,0
1790419660304,23135,891027456,19128937640,23890755584,23790070528,32,0
1790419660554,23135,891027456,18812974708,23890755584,23044637064,31,0
1790419660804,23135,891027456,18812974708,23890755584,23044637064,31,0
1790419661054,23135,891027456,18812974708,23890755584,23044637064,31,0
1790419661304,23135,891027456,18812974708,23890755584,23044637064,31,0
1790419661554,23135,891027456,18812974708,23890755584,23044637064,31,0
1790419661804,23135,891027456,18497028480,23890755584,22302581264,30,0
1790419662054,23135,891027456,18497028480,23890755584,22302581264,30,0
1790419662304,23135,891027456,18497028480,23890755584,22302581264,30,0
1790419662554,23135,891027456,18497028480,23890755584,22302581264,30,0
1790419662804,23135,891027456,18497028480,23890755584,22302581264,30,0
1790419663054,23135,891027456,18497028480,23890755584,22302581264,30,0
1790419663304,23135,891027456,18181015436,23890755584,21559399576,29,0
1790419663554,23135,891027456,18181015436,23890755584,21559399576,29,0
1790419663804,23135,891027456,18181015436,23890755584,21559399576,29,0
1790419664054,23135,891027456,18181015436,23890755584,21559399576,29,0
1790419664304,23135,891027456,18181015436,23890755584,21559399576,29,0
1790419664554,23135,891027456,18181015436,23890755584,21559399576,29,0
1790419664804,23135,891027456,18181015436,23890755584,21559399576,29,0
1790419665054,23135,891027456,18181015436,23890755584,21559399576,29,0
1790419665304,23135,891027456,18181015436,23890755584,21559399576,29,0
1790419665554,23135,891027456,18181015436,23890755584,21559399576,29,0
1790419665804,23135,891027456,17865152728,23890755584,20815092000,28,0
1790419666054,23135,891027456,17865152728,23890755584,20815092000,28,0
1790419666304,23135,891027456,17865152728,23890755584,20815092000,28,0
1790419666554,23135,891027456,17865152728,23890755584,20815092000,28,0
1790419666804,23135,891027456,17865152728,23890755584,20815092000,28,0
1790419667054,23135,891027456,17865152728,23890755584,20815092000,28,0
1790419667304,23135,891027456,17865152728,23890755584,20815092000,28,0
1790419667554,23135,891027456,17865152728,23890755584,20815092000,28,0
1790419667804,23135,891027456,17865152728,23890755584,20815092000,28,0
1790419668054,23135,891027456,17865152728,23890755584,20815092000,28,0
1790419668304,23135,891027456,17865152728,23890755584,20815092000,28,0
1790419668554,23135,891027456,17865152728,23890755584,20815092000,28,0
1790419668804,23135,891027456,17865152728,23890755584,20815092000,28,0
1790419669054,23135,891027456,17865152728,23890755584,20815092000,28,0
1790419669304,23135,891027456,17865152728,23890755584,20815092000,28,0
1790419669554,23135,891027456,17865152728,23890755584,20815092000,28,0
1790419669804,23135,891027456,17865152728,23890755584,20815092000,28,0
1790419670054,23135,891027456,17865152728,23890755584,20815092000,28,0
1790419670304,23135,891027456,17865152728,23890755584,20815092000,28,0
1790419670554,23135,891027456,17865152728,23890755584,20815092000,28,0
1790419670804,23135,891027456,17865152728,23890755584,20815092000,28,0
1790419671054,23135,891027456,17865152728,23890755584,20815092000,28,0
1790419671304,23135,891027456,17865152728,23890755584,20815092000,28,0
1790419671554,23135,891027456,17865152728,23890755584,20815092000,28,0
1790419671804,23135,891027456,17865152728,23890755584,20815092000,28,0
1790419672054,23135,891027456,17865152728,23890755584,20815092000,28,0
1790419672304,23135,891027456,17549239908,23890755584,20073411496,27,0
1790419672554,23135,891027456,17233276976,23890755584,19329103920,26,0
1790419672804,23135,891027456,17233276976,23890755584,19329103920,26,0
1790419673054,23135,891027456,17233276976,23890755584,19329103920,26,0
1790419673304,23135,891027456,17233276976,23890755584,19329103920,26,0
1790419673554,23135,891027456,17233276976,23890755584,19329103920,26,0
1790419673804,23135,891027456,17233276976,23890755584,19329103920,26,0
1790419674054,23135,891027456,17233276976,23890755584,19329103920,26,0
1790419674304,23135,891027456,17233276976,23890755584,19329103920,26,0
1790419674554,23135,891027456,17233276976,23890755584,19329103920,26,0
1790419674804,23135,891027456,17233276976,23890755584,19329103920,26,0
1790419675054,23135,891027456,17233276976,23890755584,19329103920,26,0
1790419675304,23135,891027456,17233276976,23890755584,19329103920,26,0
1790419675554,23135,891027456,17233276976,23890755584,19329103920,26,0
1790419675804,23135,891027456,17233276976,23890755584,19329103920,26,0
1790419676054,23135,891027456,17233276976,23890755584,19329103920,26,0
1790419676304,23135,891027456,17233276976,23890755584,19329103920,26,0
1790419676554,23135,891027456,17233276976,23890755584,19329103920,26,0
1790419676804,23135,891027456,17233276976,23890755584,19329103920,26,0
1790419677054,23135,891027456,17233276976,23890755584,19329103920,26,0
1790419677304,23135,891027456,17233276976,23890755584,19329103920,26,0
1790419677554,23135,891027456,17233276976,23890755584,19329103920,26,0
1790419677804,23135,891027456,17233276976,23890755584,19329103920,26,0
1790419678054,23135,891027456,17233276976,23890755584,19329103920,26,0
1790419678304,23135,891027456,17233276976,23890755584,19329103920,26,0
1790419678554,23135,891027456,17233276976,23890755584,19329103920,26,0
1790419678804,23135,891027456,17233276976,23890755584,19329103920,26,0
1790419679054,23135,891027456,17233276976,23890755584,19329103920,26,0
1790419679304,23135,891027456,17233276976,23890755584,19329103920,26,0
1790419679554,23135,891027456,17233276976,23890755584,19329103920,26,0
1790419679804,23135,891027456,17233276976,23890755584,19329103920,26,0
1790419680054,23135,891027456,17233276976,23890755584,19329103920,26,0
1790419680304,23135,891027456,17233276976,23890755584,19329103920,26,0
1790419680554,23135,891027456,17233276976,23890755584,19329103920,26,0
1790419680804,23135,891027456,17233276976,23890755584,19329103920,26,0
1790419681054,23135,891027456,17233276976,23890755584,19329103920,26,0
1790419681304,23135,891027456,17233276976,23890755584,19329103920,26,0
1790419681554,23135,891027456,17233276976,23890755584,19329103920,26,0
1790419681804,23135,891027456,17233276976,23890755584,19329103920,26,0
1790419682054,23135,891027456,17233276976,23890755584,19329103920,26,0
1790419682304,23135,891027456,17233276976,23890755584,19329103920,26,0
1790419682554,23135,891027456,17233276976,23890755584,19329103920,26,0
1790419682804,23135,891027456,17233276976,23890755584,19329103920,26,0
1790419683054,23135,891027456,17233276976,23890755584,19329103920,26,0
1790419683304,23135,891027456,17233276976,23890755584,19329103920,26,0
1790419683554,23135,891027456,17233276976,23890755584,19329103920,26,0
1790419683804,23135,891027456,17233276976,23890755584,19329103920,26,0
1790419684054,23135,891027456,17233276976,23890755584,19329103920,26,0
1790419684304,23135,891027456,17233276976,23890755584,19329103920,26,0
1790419684554,23135,891027456,17233276976,23890755584,19329103920,26,0
1790419684804,23135,891027456,17233276976,23890755584,19329103920,26,0
1790419685054,23135,891027456,17233276976,23890755584,19329103920,26,0
1790419685304,23135,891027456,17233276976,23890755584,19329103920,26,0
1790419685554,23135,891027456,17233276976,23890755584,19329103920,26,0
1790419685804,23135,891027456,17233276976,23890755584,19329103920,26,0
1790419686054,23135,891027456,17233276976,23890755584,19329103920,26,0
1790419686304,23135,891027456,17233276976,23890755584,19329103920,26,0
1790419686554,23135,891027456,17233276976,23890755584,19329103920,26,0
1790419686804,23135,891027456,17233276976,23890755584,19329103920,26,0
1790419687054,23135,891027456,17233276976,23890755584,19329103920,26,0
1790419687304,23135,891027456,17233276976,23890755584,19329103920,26,0
1790419687554,23135,891027456,17233276976,23890755584,19329103920,26,0
1790419687804,23135,891027456,17233276976,23890755584,19329103920,26,0
1790419688054,23135,891027456,17233276976,23890755584,19329103920,26,0
1790419688304,23135,891027456,16917430972,23890755584,18582169272,25,0
1790419688554,23135,891027456,16285388180,23890755584,17093929416,23,0
1790419688804,23135,891027456,15969358432,23890755584,16349246544,22,0
1790419689054,23135,891027456,15969358432,23890755584,16349246544,22,0
1790419689304,23135,891027456,15969358432,23890755584,16349246544,22,0
1790419689554,23135,891027456,15969358432,23890755584,16349246544,22,0
1790419689804,23135,891027456,15969358432,23890755584,16349246544,22,0
1790419690054,23135,891027456,15969358432,23890755584,16349246544,22,0
1790419690304,23135,891027456,15969358432,23890755584,16349246544,22,0
1790419690554,23135,891027456,15969358432,23890755584,16349246544,22,0
1790419690804,23135,891027456,15969358432,23890755584,16349246544,22,0
1790419691054,23135,891027456,15969358432,23890755584,16349246544,22,0
1790419691304,23135,891027456,15969358432,23890755584,16349246544,22,0
1790419691554,23135,891027456,15969358432,23890755584,16349246544,22,0
1790419691804,23135,891027456,15653479020,23890755584,15605314264,21,0
1790419692054,23135,891027456,15653479020,23890755584,15605314264,21,0
1790419692304,23135,891027456,15653479020,23890755584,15605314264,21,0
1790419692554,23135,891027456,15653479020,23890755584,15605314264,21,0
1790419692804,23135,891027456,15653479020,23890755584,15605314264,21,0
1790419693054,23135,891027456,15337499384,23890755584,14862507872,20,0
1790419693304,23135,891027456,15337499384,23890755584,14862507872,20,0
1790419693554,23135,891027456,15337499384,23890755584,14862507872,20,0
1790419693804,23135,891027456,15337499384,23890755584,14862507872,20,0
1790419694054,23135,891027456,15337499384,23890755584,14862507872,20,0
1790419694304,23135,891027456,15337499384,23890755584,14862507872,20,0
1790419694554,23135,891027456,15337499384,23890755584,14862507872,20,0
1790419694804,23135,891027456,15337499384,23890755584,14862507872,20,0
1790419695054,23135,891027456,15337499384,23890755584,14862507872,20,0
1790419695304,23135,891027456,15337499384,23890755584,14862507872,20,0
1790419695554,23135,891027456,15337499384,23890755584,14862507872,20,0
1790419695804,23135,891027456,15337499384,23890755584,14862507872,20,0
1790419696054,23135,891027456,15337499384,23890755584,14862507872,20,0
1790419696304,23135,891027456,15337499384,23890755584,14862507872,20,0
1790419696554,23135,891027456,15337499384,23890755584,14862507872,20,0
1790419696804,23135,891027456,15337499384,23890755584,14862507872,20,0
1790419697054,23135,891027456,15337499384,23890755584,14862507872,20,0
1790419697304,23135,891027456,15337499384,23890755584,14862507872,20,0
1790419697554,23135,891027456,15337499384,23890755584,14862507872,20,0
1790419697804,23135,891027456,15337499384,23890755584,14862507872,20,0
1790419698054,23135,891027456,15337499384,23890755584,14862507872,20,0
1790419698304,23135,891027456,15337499384,23890755584,14862507872,20,0
1790419698554,23135,891027456,15337499384,23890755584,14862507872,20,0
1790419698804,23135,891027456,15337499384,23890755584,14862507872,20,0
1790419699054,23135,891027456,15337499384,23890755584,14862507872,20,0
1790419699304,23135,891027456,15021553156,23890755584,14119326184,19,0
1790419699554,23135,891027456,15021553156,23890755584,14119326184,19,0
1790419699804,23135,891027456,15021553156,23890755584,14119326184,19,0
1790419700054,23135,891027456,15021553156,23890755584,14119326184,19,0
1790419700304,23135,891027456,15021553156,23890755584,14119326184,19,0
1790419700554,23135,891027456,15021553156,23890755584,14119326184,19,0
1790419700804,23135,891027456,15021553156,23890755584,14119326184,19,0
1790419701054,23135,891027456,15021553156,23890755584,14119326184,19,0
1790419701304,23135,891027456,15021553156,23890755584,14119326184,19,0
1790419701554,23135,891027456,15021553156,23890755584,14119326184,19,0
1790419701804,23135,891027456,15021553156,23890755584,14119326184,19,0
1790419702054,23135,891027456,15021553156,23890755584,14119326184,19,0
1790419702304,23135,891027456,15021553156,23890755584,14119326184,19,0
1790419702554,23135,891027456,15021553156,23890755584,14119326184,19,0
1790419702804,23135,891027456,15021553156,23890755584,14119326184,19,0
1790419703054,23135,891027456,15021553156,23890755584,14119326184,19,0
1790419703304,23135,891027456,15021553156,23890755584,14119326184,19,0
1790419703554,23135,891027456,15021553156,23890755584,14119326184,19,0
1790419703804,23135,891027456,15021553156,23890755584,14119326184,19,0
1790419704054,23135,891027456,15021553156,23890755584,14119326184,19,0
1790419704304,23135,891027456,15021553156,23890755584,14119326184,19,0
1790419704554,23135,891027456,15021553156,23890755584,14119326184,19,0
1790419704804,23135,891027456,15021553156,23890755584,14119326184,19,0
1790419705054,23135,891027456,14705657040,23890755584,13376144496,18,0
1790419705304,23135,891027456,14705657040,23890755584,13376144496,18,0
1790419705554,23135,891027456,14705657040,23890755584,13376144496,18,0
1790419705804,23135,891027456,14705657040,23890755584,13376144496,18,0
1790419706054,23135,891027456,14705657040,23890755584,13376144496,18,0
1790419706304,23135,891027456,14705657040,23890755584,13376144496,18,0
1790419706554,23135,891027456,14705657040,23890755584,13376144496,18,0
1790419706804,23135,891027456,14705657040,23890755584,13376144496,18,0
1790419707054,23134,891027456,14705657040,23890755584,13376144496,18,0
1790419707304,23134,891027456,14705657040,23890755584,13376144496,18,0
1790419707554,23134,891289600,14705657040,23890755584,13376144496,18,0
1790419707804,23134,891289600,14705657040,23890755584,13376144496,18,0
1790419708054,23134,891289600,14705657040,23890755584,13376144496,18,0
1790419708304,23134,891289600,14705657040,23890755584,13376144496,18,0
1790419708554,23134,891289600,14705657040,23890755584,13376144496,18,0
1790419708804,23134,891289600,14705657040,23890755584,13376144496,18,0
1790419709054,23134,891289600,14705657040,23890755584,13376144496,18,0
1790419709304,23134,891289600,14705657040,23890755584,13376144496,18,0
1790419709554,23134,891289600,14389744220,23890755584,12632587512,17,0
1790419709804,23134,891289600,14073831400,23890755584,11890531712,16,0
1790419710054,23134,891289600,14073831400,23890755584,11890531712,16,0
1790419710304,23134,891289600,14073831400,23890755584,11890531712,16,0
1790419710554,23134,891289600,14073831400,23890755584,11890531712,16,0
1790419710804,23134,891289600,14073831400,23890755584,11890531712,16,0
1790419711054,23134,891289600,14073831400,23890755584,11890531712,16,0
1790419711304,23134,891289600,14073831400,23890755584,11890531712,16,0
1790419711554,23134,891289600,14073831400,23890755584,11890531712,16,0
1790419711804,23134,891289600,13757901876,23890755584,11148475912,15,0
1790419712054,23134,891289600,13757901876,23890755584,11148475912,15,0
1790419712304,23134,891289600,13442039168,23890755584,10406420112,14,0
1790419712554,23134,891289600,13442039168,23890755584,10406420112,14,0
1790419712804,23134,891289600,13442039168,23890755584,10406420112,14,0
1790419713054,23134,891289600,13442039168,23890755584,10406420112,14,0
1790419713304,23134,891289600,13442039168,23890755584,10406420112,14,0
1790419713554,23134,891289600,13442039168,23890755584,10406420112,14,0
1790419713804,23134,891289600,13442039168,23890755584,10406420112,14,0
1790419714054,23134,891289600,13442039168,23890755584,10406420112,14,0
1790419714304,23134,891289600,13442039168,23890755584,10406420112,14,0
1790419714554,23134,891289600,13442039168,23890755584,10406420112,14,0
1790419714804,23134,891289600,13442039168,23890755584,10406420112,14,0
1790419715054,23134,891289600,13442039168,23890755584,10406420112,14,0
1790419715304,23134,891289600,13442039168,23890755584,10406420112,14,0
1790419715554,23134,891289600,13442039168,23890755584,10406420112,14,0
1790419715804,23134,891289600,13442039168,23890755584,10406420112,14,0
1790419716054,23134,891289600,13442039168,23890755584,10406420112,14,0
1790419716304,23134,891289600,13442039168,23890755584,10406420112,14,0
1790419716554,23134,891289600,13442039168,23890755584,10406420112,14,0
1790419716804,23134,891289600,13442039168,23890755584,10406420112,14,0
1790419717054,23134,891289600,13442039168,23890755584,10406420112,14,0
1790419717304,23134,891289600,13442039168,23890755584,10406420112,14,0
1790419717554,23134,891289600,13442039168,23890755584,10406420112,14,0
1790419717804,23134,891289600,13126176460,23890755584,9663989016,13,0
1790419718054,23134,891289600,13126176460,23890755584,9663989016,13,0
1790419718304,23134,891289600,13126176460,23890755584,9663989016,13,0
1790419718554,23134,891289600,13126176460,23890755584,9663989016,13,0
1790419718804,23134,891289600,13126176460,23890755584,9663989016,13,0
1790419719054,23134,891289600,13126176460,23890755584,9663989016,13,0
1790419719304,23134,891289600,13126176460,23890755584,9663989016,13,0
1790419719554,23134,891289600,13126176460,23890755584,9663989016,13,0
1790419719804,23134,891289600,13126176460,23890755584,9663989016,13,0
1790419720054,23134,891289600,13126176460,23890755584,9663989016,13,0
1790419720304,23134,891289600,13126176460,23890755584,9663989016,13,0
1790419720554,23134,891289600,13126176460,23890755584,9663989016,13,0
1790419720804,23134,891289600,13126176460,23890755584,9663989016,13,0
1790419721056,23134,891289600,13126176460,23890755584,9663989016,13,0
1790419721306,23134,891289600,13126176460,23890755584,9663989016,13,0
1790419721556,23134,891289600,13126176460,23890755584,9663989016,13,0
1790419721806,23134,891289600,13126176460,23890755584,9663989016,13,0
1790419722056,23134,891289600,13126176460,23890755584,9663989016,13,0
1790419722306,23134,891289600,13126176460,23890755584,9663989016,13,0
1790419722556,23134,891289600,13126176460,23890755584,9663989016,13,0
1790419722806,23134,891289600,13126176460,23890755584,9663989016,13,0
1790419723056,23134,891289600,13126176460,23890755584,9663989016,13,0
1790419723306,23134,891289600,13126176460,23890755584,9663989016,13,0
1790419723556,23134,891289600,13126176460,23890755584,9663989016,13,0
1790419723806,23134,891289600,13126176460,23890755584,9663989016,13,0
1790419724056,23134,891289600,13126176460,23890755584,9663989016,13,0
1790419724306,23134,891289600,13126176460,23890755584,9663989016,13,0
1790419724556,23134,891289600,13126176460,23890755584,9663989016,13,0
1790419724806,23134,891289600,13126176460,23890755584,9663989016,13,0
1790419725056,23134,891289600,12810313752,23890755584,8920432032,12,0
1790419725306,23134,891289600,12810313752,23890755584,8920432032,12,0
1790419725556,23134,891289600,12810313752,23890755584,8920432032,12,0
1790419725806,23134,891289600,12810313752,23890755584,8920432032,12,0
1790419726056,23134,891289600,12810313752,23890755584,8920432032,12,0
1790419726306,23134,891289600,12810313752,23890755584,8920432032,12,0
1790419726556,23135,891289600,12810313752,23890755584,8920432032,12,0
1790419726806,23135,891289600,12810313752,23890755584,8920432032,12,0
1790419727056,23135,891289600,12810313752,23890755584,8920432032,12,0
1790419727306,23135,891027456,12810313752,23890755584,8920432032,12,0
1790419727556,23135,891027456,12810313752,23890755584,8920432032,12,0
1790419727806,23135,891027456,12810313752,23890755584,8920432032,12,0
1790419728056,23135,891027456,12810313752,23890755584,8920432032,12,0
1790419728306,23135,891027456,12810313752,23890755584,8920432032,12,0
1790419728556,23135,891027456,12810313752,23890755584,8920432032,12,0
1790419728806,23135,891027456,12810313752,23890755584,8920432032,12,0
1790419729056,23135,891027456,12810313752,23890755584,8920432032,12,0
1790419729306,23135,891027456,12810313752,23890755584,8920432032,12,0
1790419729556,23135,891027456,12810313752,23890755584,8920432032,12,0
1790419729806,23135,891027456,12810313752,23890755584,8920432032,12,0
1790419730056,23135,891027456,12810313752,23890755584,8920432032,12,0
1790419730306,23135,891027456,12810313752,23890755584,8920432032,12,0
1790419730556,23135,891027456,12810313752,23890755584,8920432032,12,0
1790419730806,23135,891027456,12810313752,23890755584,8920432032,12,0
1790419731056,23135,891027456,12810313752,23890755584,8920432032,12,0
1790419731306,23135,891027456,12810313752,23890755584,8920432032,12,0
1790419731556,23135,891027456,12810313752,23890755584,8920432032,12,0
1790419731806,23135,891027456,12810313752,23890755584,8920432032,12,0
1790419732056,23135,891027456,12810313752,23890755584,8920432032,12,0
1790419732306,23135,891027456,12810313752,23890755584,8920432032,12,0
1790419732556,23135,891027456,12810313752,23890755584,8920432032,12,0
1790419732806,23135,891027456,12494434340,23890755584,8177625640,11,0
1790419733056,23135,891027456,12494434340,23890755584,8177625640,11,0
1790419733306,23135,891027456,12494434340,23890755584,8177625640,11,0
1790419733556,23135,891027456,12494434340,23890755584,8177625640,11,0
1790419733806,23135,891027456,12494434340,23890755584,8177625640,11,0
1790419734056,23135,891027456,12494434340,23890755584,8177625640,11,0
1790419734306,23135,891027456,12494434340,23890755584,8177625640,11,0
1790419734556,23135,891027456,12494434340,23890755584,8177625640,11,0
1790419734806,23135,891027456,12494434340,23890755584,8177625640,11,0
1790419735056,23135,891027456,12494434340,23890755584,8177625640,11,0
1790419735306,23135,891027456,12494434340,23890755584,8177625640,11,0
1790419735556,23135,891027456,12494434340,23890755584,8177625640,11,0
1790419735806,23135,891027456,12494434340,23890755584,8177625640,11,0
1790419736056,23135,891027456,12178504816,23890755584,7432942768,10,0
1790419736306,23135,891027456,12178504816,23890755584,7432942768,10,0
1790419736556,23135,891027456,12178504816,23890755584,7432942768,10,0
1790419736806,23135,891027456,12178504816,23890755584,7432942768,10,0
1790419737056,23135,891027456,12178504816,23890755584,7432942768,10,0
1790419737306,23135,891027456,12178504816,23890755584,7432942768,10,0
1790419737556,23135,891027456,12178504816,23890755584,7432942768,10,0
1790419737806,23135,891027456,12178504816,23890755584,7432942768,10,0
1790419738056,23135,891027456,12178504816,23890755584,7432942768,10,0
1790419738306,23135,891027456,12178504816,23890755584,7432942768,10,0
1790419738556,23135,891027456,12178504816,23890755584,7432942768,10,0
1790419738806,23135,891027456,11862608700,23890755584,6689761080,9,0
1790419739056,23135,891027456,11862608700,23890755584,6689761080,9,0
1790419739306,23135,891027456,11862608700,23890755584,6689761080,9,0
1790419739556,23135,891027456,11862608700,23890755584,6689761080,9,0
1790419739806,23135,891027456,11862608700,23890755584,6689761080,9,0
1790419740056,23135,891027456,11862608700,23890755584,6689761080,9,0
1790419740306,23135,891027456,11862608700,23890755584,6689761080,9,0
1790419740556,23135,891027456,11862608700,23890755584,6689761080,9,0
1790419740806,23135,891027456,11862608700,23890755584,6689761080,9,0
1790419741056,23135,891027456,11862608700,23890755584,6689761080,9,0
1790419741306,23135,891027456,11862608700,23890755584,6689761080,9,0
1790419741556,23135,891027456,11862608700,23890755584,6689761080,9,0
1790419741806,23135,891027456,11862608700,23890755584,6689761080,9,0
1790419742056,23135,891027456,11862608700,23890755584,6689761080,9,0
1790419742306,23135,891027456,11862608700,23890755584,6689761080,9,0
1790419742556,23135,891027456,11862608700,23890755584,6689761080,9,0
1790419742806,23135,891027456,11862608700,23890755584,6689761080,9,0
1790419743056,23135,891027456,11862608700,23890755584,6689761080,9,0
1790419743306,23135,891027456,11862608700,23890755584,6689761080,9,0
1790419743556,23135,891027456,11862608700,23890755584,6689761080,9,0
1790419743806,23135,891027456,11862608700,23890755584,6689761080,9,0
1790419744056,23135,891027456,11862608700,23890755584,6689761080,9,0
1790419744306,23135,891027456,11862608700,23890755584,6689761080,9,0
1790419744556,23135,891027456,11862608700,23890755584,6689761080,9,0
1790419744806,23135,891027456,11862608700,23890755584,6689761080,9,0
1790419745056,23135,891027456,11862608700,23890755584,6689761080,9,0
1790419745306,23135,891027456,11862608700,23890755584,6689761080,9,0
1790419745556,23135,891027456,11546629064,23890755584,5947329984,8,0
1790419745806,23135,891027456,11546629064,23890755584,5947329984,8,0
1790419746056,23135,891027456,11546629064,23890755584,5947329984,8,0
1790419746306,23135,891027456,11546629064,23890755584,5947329984,8,0
1790419746556,23135,891027456,11546629064,23890755584,5947329984,8,0
1790419746806,23135,891027456,11546629064,23890755584,5947329984,8,0
1790419747056,23135,891027456,11546629064,23890755584,5947329984,8,0
1790419747306,23135,891027456,11546629064,23890755584,5947329984,8,0
1790419747556,23135,891027456,11546629064,23890755584,5947329984,8,0
1790419747806,23135,891027456,11546629064,23890755584,5947329984,8,0
1790419748056,23135,891027456,11546629064,23890755584,5947329984,8,0
1790419748306,23135,891027456,11546629064,23890755584,5947329984,8,0
1790419748556,23135,891027456,11546629064,23890755584,5947329984,8,0
1790419748806,23135,891027456,11546629064,23890755584,5947329984,8,0
1790419749056,23135,891027456,11546629064,23890755584,5947329984,8,0
1790419749306,23135,891027456,11546629064,23890755584,5947329984,8,0
1790419749556,23135,891027456,11546629064,23890755584,5947329984,8,0
1790419749806,23135,891027456,11546629064,23890755584,5947329984,8,0
1790419750056,23135,891027456,11546629064,23890755584,5947329984,8,0
1790419750306,23135,891027456,11546629064,23890755584,5947329984,8,0
1790419750556,23135,891027456,11546629064,23890755584,5947329984,8,0
1790419750806,23135,891027456,11546629064,23890755584,5947329984,8,0
1790419751056,23135,891027456,11546629064,23890755584,5947329984,8,0
1790419751306,23135,891027456,11546629064,23890755584,5947329984,8,0
1790419751556,23135,891027456,11546629064,23890755584,5947329984,8,0
1790419751806,23135,891027456,11546629064,23890755584,5947329984,8,0
1790419752056,23135,891027456,11546629064,23890755584,5947329984,8,0
1790419752306,23135,891027456,11546629064,23890755584,5947329984,8,0
1790419752556,23135,891027456,11546629064,23890755584,5947329984,8,0
1790419752806,23135,891027456,11546629064,23890755584,5947329984,8,0
1790419753056,23135,891027456,11546629064,23890755584,5947329984,8,0
1790419753306,23135,891027456,11546629064,23890755584,5947329984,8,0
1790419753556,23135,891027456,11546629064,23890755584,5947329984,8,0
1790419753806,23135,891027456,11546629064,23890755584,5947329984,8,0
1790419754056,23135,891027456,11546629064,23890755584,5947329984,8,0
1790419754306,23135,891027456,11546629064,23890755584,5947329984,8,0
1790419754556,23135,891027456,11546629064,23890755584,5947329984,8,0
1790419754806,23135,891027456,11546629064,23890755584,5947329984,8,0
1790419755056,23135,891027456,11546629064,23890755584,5947329984,8,0
1790419755306,23135,891027456,11546629064,23890755584,5947329984,8,0
1790419755556,23135,891027456,11546629064,23890755584,5947329984,8,0
1790419755806,23135,891027456,11546629064,23890755584,5947329984,8,0
1790419756056,23135,891027456,11546629064,23890755584,5947329984,8,0
1790419756306,23135,891027456,11546629064,23890755584,5947329984,8,0
1790419756556,23135,891027456,11546629064,23890755584,5947329984,8,0
1790419756806,23135,891027456,11546629064,23890755584,5947329984,8,0
1790419757056,23135,891027456,11546629064,23890755584,5947329984,8,0
1790419757306,23135,891027456,11546629064,23890755584,5947329984,8,0
1790419757556,23135,891027456,11546629064,23890755584,5947329984,8,0
1790419757806,23135,891027456,11546629064,23890755584,5947329984,8,0
1790419758056,23135,891027456,11546629064,23890755584,5947329984,8,0
1790419758306,23135,891027456,11546629064,23890755584,5947329984,8,0
1790419758556,23135,891027456,11546629064,23890755584,5947329984,8,0
1790419758806,23135,891027456,11546629064,23890755584,5947329984,8,0
1790419759056,23135,891027456,11546629064,23890755584,5947329984,8,0
1790419759306,23135,891027456,11546629064,23890755584,5947329984,8,0
1790419759556,23135,891027456,11546629064,23890755584,5947329984,8,0
1790419759806,23135,891027456,11546629064,23890755584,5947329984,8,0
1790419760056,23135,891027456,11546629064,23890755584,5947329984,8,0
1790419760306,23135,891027456,11546629064,23890755584,5947329984,8,0
1790419760556,23135,891027456,11546629064,23890755584,5947329984,8,0
1790419760806,23135,891027456,11546629064,23890755584,5947329984,8,0
1790419761056,23135,891027456,11546629064,23890755584,5947329984,8,0
1790419761306,23135,891027456,11546629064,23890755584,5947329984,8,0
1790419761556,23135,891027456,11546629064,23890755584,5947329984,8,0
1790419761806,23135,891027456,11546629064,23890755584,5947329984,8,0
1790419762056,23135,891027456,11546629064,23890755584,5947329984,8,0
1790419762306,23135,891027456,11546629064,23890755584,5947329984,8,0
1790419762556,23135,891027456,11546629064,23890755584,5947329984,8,0
1790419762806,23135,891027456,11546629064,23890755584,5947329984,8,0
1790419763056,23135,891027456,11546629064,23890755584,5947329984,8,0
1790419763306,23135,891027456,11546629064,23890755584,5947329984,8,0
1790419763556,23135,891027456,11546629064,23890755584,5947329984,8,0
1790419763806,23135,891027456,11546629064,23890755584,5947329984,8,0
1790419764056,23135,891027456,11546629064,23890755584,5947329984,8,0
1790419764306,23135,891027456,11546629064,23890755584,5947329984,8,0
1790419764556,23135,891027456,11546629064,23890755584,5947329984,8,0
1790419764806,23135,891027456,11546629064,23890755584,5947329984,8,0
1790419765056,23135,891027456,11546629064,23890755584,5947329984,8,0
1790419765306,23135,891027456,11546629064,23890755584,5947329984,8,0
1790419765556,23135,891027456,11546629064,23890755584,5947329984,8,0
1790419765806,23135,891027456,11546629064,23890755584,5947329984,8,0
1790419766056,23135,891027456,11546629064,23890755584,5947329984,8,0
1790419766306,23135,891027456,11546629064,23890755584,5947329984,8,0
1790419766556,23135,891027456,11546629064,23890755584,5947329984,8,0
1790419766806,23135,891027456,11546629064,23890755584,5947329984,8,0
1790419767056,23135,891027456,11230716244,23890755584,5206024776,7,0
1790419767306,23135,891027456,11230716244,23890755584,5206024776,7,0
1790419767556,23135,891027456,11230716244,23890755584,5206024776,7,0
1790419767806,23135,891027456,11230716244,23890755584,5206024776,7,0
1790419768056,23135,891027456,11230716244,23890755584,5206024776,7,0
1790419768306,23135,891027456,11230716244,23890755584,5206024776,7,0
1790419768556,23135,891027456,11230716244,23890755584,5206024776,7,0
1790419768806,23135,891027456,11230716244,23890755584,5206024776,7,0
1790419769056,23135,891027456,11230716244,23890755584,5206024776,7,0
1790419769306,23135,891027456,11230716244,23890755584,5206024776,7,0
1790419769556,23135,891027456,11230716244,23890755584,5206024776,7,0
1790419769806,23135,891027456,11230716244,23890755584,5206024776,7,0
1790419770056,23135,891027456,11230716244,23890755584,5206024776,7,0
1790419770306,23135,891027456,11230716244,23890755584,5206024776,7,0
1790419770556,23135,891027456,11230716244,23890755584,5206024776,7,0
1790419770806,23135,891027456,11230716244,23890755584,5206024776,7,0
1790419771056,23135,891027456,11230716244,23890755584,5206024776,7,0
1790419771306,23135,891027456,11230716244,23890755584,5206024776,7,0
1790419771556,23135,891027456,11230716244,23890755584,5206024776,7,0
1790419771806,23135,891027456,11230716244,23890755584,5206024776,7,0
1790419772056,23135,891027456,11230716244,23890755584,5206024776,7,0
1790419772306,23135,891027456,11230716244,23890755584,5206024776,7,0
1790419772556,23135,891027456,11230716244,23890755584,5206024776,7,0
1790419772806,23135,891027456,11230716244,23890755584,5206024776,7,0
1790419773056,23135,891027456,11230716244,23890755584,5206024776,7,0
1790419773306,23135,891027456,11230716244,23890755584,5206024776,7,0
1790419773556,23135,891027456,11230716244,23890755584,5206024776,7,0
1790419773806,23135,891027456,11230716244,23890755584,5206024776,7,0
1790419774056,23135,891027456,11230716244,23890755584,5206024776,7,0
1790419774306,23135,891027456,11230716244,23890755584,5206024776,7,0
1790419774556,23135,891027456,11230716244,23890755584,5206024776,7,0
1790419774806,23135,891027456,11230716244,23890755584,5206024776,7,0
1790419775056,23135,891027456,11230716244,23890755584,5206024776,7,0
1790419775306,23135,891027456,11230716244,23890755584,5206024776,7,0
1790419775556,23135,891027456,11230716244,23890755584,5206024776,7,0
1790419775806,23135,891027456,11230716244,23890755584,5206024776,7,0
1790419776056,23135,891027456,11230716244,23890755584,5206024776,7,0
1790419776306,23135,891027456,11230716244,23890755584,5206024776,7,0
1790419776556,23135,891027456,11230716244,23890755584,5206024776,7,0
1790419776806,23135,891027456,11230716244,23890755584,5206024776,7,0
1790419777056,23135,891027456,11230716244,23890755584,5206024776,7,0
1790419777306,23135,891027456,11230716244,23890755584,5206024776,7,0
1790419777556,23135,891027456,11230716244,23890755584,5206024776,7,0
1790419777806,23135,891027456,11230716244,23890755584,5206024776,7,0
1790419778056,23135,891027456,11230716244,23890755584,5206024776,7,0
1790419778306,23135,891027456,11230716244,23890755584,5206024776,7,0
1790419778556,23135,891027456,11230716244,23890755584,5206024776,7,0
1790419778806,23135,891027456,11230716244,23890755584,5206024776,7,0
1790419779056,23135,891027456,11230716244,23890755584,5206024776,7,0
1790419779306,23135,891027456,11230716244,23890755584,5206024776,7,0
1790419779556,23135,891027456,11230716244,23890755584,5206024776,7,0
1790419779806,23135,891027456,11230716244,23890755584,5206024776,7,0
1790419780056,23135,891027456,11230716244,23890755584,5206024776,7,0
1790419780306,23135,891027456,11230716244,23890755584,5206024776,7,0
1790419780556,23135,891027456,11230716244,23890755584,5206024776,7,0
1790419780806,23135,891027456,11230716244,23890755584,5206024776,7,0
1790419781056,23135,891027456,11230716244,23890755584,5206024776,7,0
1790419781306,23135,891027456,11230716244,23890755584,5206024776,7,0
1790419781556,23135,891027456,11230716244,23890755584,5206024776,7,0
1790419781806,23135,891027456,11230716244,23890755584,5206024776,7,0
1790419782056,23135,891027456,11230716244,23890755584,5206024776,7,0
1790419782306,23135,891027456,11230716244,23890755584,5206024776,7,0
1790419782556,23135,891027456,11230716244,23890755584,5206024776,7,0
1790419782806,23135,891027456,11230716244,23890755584,5206024776,7,0
1790419783056,23135,891027456,11230716244,23890755584,5206024776,7,0
1790419783306,23135,891027456,11230716244,23890755584,5206024776,7,0
1790419783556,23135,891027456,11230716244,23890755584,5206024776,7,0
1790419783806,23135,891027456,11230716244,23890755584,5206024776,7,0
1790419784056,23135,891027456,11230716244,23890755584,5206024776,7,0
1790419784306,23135,891027456,11230716244,23890755584,5206024776,7,0
1790419784556,23135,891027456,11230716244,23890755584,5206024776,7,0
1790419784806,23135,891027456,11230716244,23890755584,5206024776,7,0
1790419785056,23135,891027456,11230716244,23890755584,5206024776,7,0
1790419785306,23135,891027456,11230716244,23890755584,5206024776,7,0
1790419785556,23135,891027456,11230716244,23890755584,5206024776,7,0
1790419785806,23135,891027456,11230716244,23890755584,5206024776,7,0
1790419786056,23135,891027456,11230716244,23890755584,5206024776,7,0
1790419786306,23135,891027456,11230716244,23890755584,5206024776,7,0
1790419786556,23135,891027456,11230716244,23890755584,5206024776,7,0
1790419786806,23135,891027456,11230716244,23890755584,5206024776,7,0
1790419787056,23135,891027456,11230716244,23890755584,5206024776,7,0
1790419787306,23135,891027456,11230716244,23890755584,5206024776,7,0
1790419787556,23135,891027456,11230716244,23890755584,5206024776,7,0
1790419787806,23135,891027456,11230716244,23890755584,5206024776,7,0
1790419788056,23135,891027456,11230716244,23890755584,5206024776,7,0
1790419788306,23135,891027456,11230716244,23890755584,5206024776,7,0
1790419788556,23135,891027456,11230716244,23890755584,5206024776,7,0
1790419788806,23135,891027456,11230716244,23890755584,5206024776,7,0
1790419789056,23135,891027456,11230716244,23890755584,5206024776,7,0
1790419789306,23135,891027456,11230716244,23890755584,5206024776,7,0
1790419789556,23135,891027456,11230716244,23890755584,5206024776,7,0
1790419789806,23135,891027456,11230716244,23890755584,5206024776,7,0
1790419790056,23135,891027456,11230716244,23890755584,5206024776,7,0
1790419790306,23135,891027456,11230716244,23890755584,5206024776,7,0
1790419790556,23135,891027456,11230716244,23890755584,5206024776,7,0
1790419790806,23135,891027456,11230716244,23890755584,5206024776,7,0
1790419791056,23135,891027456,11230716244,23890755584,5206024776,7,0
1790419791306,23135,891027456,11230716244,23890755584,5206024776,7,0
1790419791556,23135,891027456,11230716244,23890755584,5206024776,7,0
1790419791806,23135,891027456,11230716244,23890755584,5206024776,7,0
1790419792056,23135,891027456,11230716244,23890755584,5206024776,7,0
1790419792306,23135,891027456,11230716244,23890755584,5206024776,7,0
1790419792556,23135,891027456,11230716244,23890755584,5206024776,7,0
1790419792806,23135,891027456,11230716244,23890755584,5206024776,7,0
1790419793056,23135,891027456,11230716244,23890755584,5206024776,7,0
1790419793306,23135,891027456,11230716244,23890755584,5206024776,7,0
1790419793556,23135,891027456,11230716244,23890755584,5206024776,7,0
1790419793806,23135,891027456,11230716244,23890755584,5206024776,7,0
1790419794056,23135,891027456,11230716244,23890755584,5206024776,7,0
1790419794306,23135,891027456,11230716244,23890755584,5206024776,7,0
1790419794556,23135,891027456,11230716244,23890755584,5206024776,7,0
1790419794806,23135,891027456,11230716244,23890755584,5206024776,7,0
1790419795056,23135,891027456,11230716244,23890755584,5206024776,7,0
1790419795306,23135,891027456,11230716244,23890755584,5206024776,7,0
1790419795556,23135,891027456,11230716244,23890755584,5206024776,7,0
1790419795806,23135,891027456,9019343208,23890755584,0,0,0
1790419796056,23135,891027456,9019343208,23890755584,0,0,0
1790419796306,23135,891027456,9019343208,23890755584,0,0,0
1790419796556,23135,891027456,9019343208,23890755584,0,0,0
1790419796806,23135,891027456,9019343208,23890755584,0,0,0
1790419797056,23135,891027456,9019343208,23890755584,0,0,0
1790419797306,23135,891027456,9019343208,23890755584,0,0,0
1790419797556,23135,891027456,9019343208,23890755584,0,0,0
